t luminosity
   6.16  1.66881E+42
   6.39  1.73460E+42
   6.63  1.75501E+42
   6.88  1.81332E+42
   7.14  1.84439E+42
   7.41  1.89351E+42
   7.69  1.91485E+42
   7.98  1.95664E+42
   8.28  1.98324E+42
   8.59  2.01250E+42
   8.91  2.02684E+42
   9.24  2.04429E+42
   9.59  2.05108E+42
   9.95  2.05577E+42
  10.33  2.05253E+42
  10.71  2.04485E+42
  11.12  2.02693E+42
  11.53  2.00663E+42
  11.97  1.97628E+42
  12.42  1.94434E+42
  12.88  1.90201E+42
  13.37  1.85493E+42
  13.87  1.80809E+42
  14.39  1.75345E+42
  14.93  1.69450E+42
  15.49  1.62991E+42
  16.07  1.56540E+42
  16.68  1.49993E+42
  17.30  1.42996E+42
  17.95  1.36347E+42
  18.63  1.29456E+42
  19.33  1.22331E+42
  20.06  1.15504E+42
  20.81  1.08570E+42
  21.59  1.01859E+42
  22.40  9.52081E+41
  23.24  8.87536E+41
  24.12  8.26427E+41
  25.02  7.66937E+41
  25.96  7.09983E+41
  26.94  6.57261E+41
  27.95  6.06134E+41
  29.00  5.59005E+41
  30.09  5.17845E+41
  31.22  4.75315E+41
  32.40  4.39711E+41
  33.61  4.06949E+41
  34.88  3.78271E+41
  36.19  3.50230E+41
  37.55  3.25411E+41
  38.96  3.03223E+41
  40.42  2.82866E+41
  41.94  2.63574E+41
  43.52  2.46700E+41
  45.15  2.29837E+41
  46.85  2.14053E+41
  48.61  1.99597E+41
  50.43  1.86389E+41
  52.33  1.74328E+41
  54.30  1.62309E+41
  56.34  1.50539E+41
  58.45  1.40156E+41
  60.65  1.30349E+41
  62.93  1.21740E+41
  65.29  1.12796E+41
  67.75  1.04643E+41
  70.29  9.71207E+40
  72.93  9.01111E+40
  75.67  8.32660E+40
  78.52  7.69057E+40
  81.47  7.11942E+40
