t luminosity
   6.16  1.09189E+42
   6.39  1.10989E+42
   6.63  1.12329E+42
   6.88  1.13435E+42
   7.14  1.14151E+42
   7.41  1.14811E+42
   7.69  1.15039E+42
   7.98  1.14698E+42
   8.28  1.14229E+42
   8.59  1.13276E+42
   8.91  1.11902E+42
   9.24  1.10086E+42
   9.59  1.07899E+42
   9.95  1.05596E+42
  10.33  1.02534E+42
  10.71  9.96459E+41
  11.12  9.63624E+41
  11.53  9.30740E+41
  11.97  8.95552E+41
  12.42  8.59584E+41
  12.88  8.23895E+41
  13.37  7.89025E+41
  13.87  7.53496E+41
  14.39  7.18894E+41
  14.93  6.84093E+41
  15.49  6.48365E+41
  16.07  6.15087E+41
  16.68  5.78430E+41
  17.30  5.45637E+41
  17.95  5.10300E+41
  18.63  4.77106E+41
  19.33  4.46651E+41
  20.06  4.15419E+41
  20.81  3.85600E+41
  21.59  3.57664E+41
  22.40  3.31630E+41
  23.24  3.06196E+41
  24.12  2.83987E+41
  25.02  2.62547E+41
  25.96  2.43262E+41
  26.94  2.25033E+41
  27.95  2.09449E+41
  29.00  1.93808E+41
  30.09  1.79681E+41
  31.22  1.66648E+41
  32.40  1.54661E+41
  33.61  1.43685E+41
  34.88  1.33923E+41
  36.19  1.24795E+41
  37.55  1.16363E+41
  38.96  1.08107E+41
  40.42  1.00870E+41
  41.94  9.36972E+40
  43.52  8.77237E+40
  45.15  8.17429E+40
  46.85  7.57529E+40
  48.61  7.07955E+40
  50.43  6.57219E+40
  52.33  6.14884E+40
  54.30  5.72607E+40
  56.34  5.31210E+40
  58.45  4.96492E+40
  60.65  4.62273E+40
  62.93  4.29821E+40
  65.29  3.98623E+40
  67.75  3.70561E+40
  70.29  3.45208E+40
  72.93  3.20213E+40
  75.67  2.98563E+40
  78.52  2.75806E+40
  81.47  2.56022E+40
