t luminosity
   6.16  2.80958E+42
   6.39  2.91663E+42
   6.63  2.99995E+42
   6.88  3.08333E+42
   7.14  3.17583E+42
   7.41  3.26404E+42
   7.69  3.34964E+42
   7.98  3.42492E+42
   8.28  3.51679E+42
   8.59  3.57751E+42
   8.91  3.64856E+42
   9.24  3.71963E+42
   9.59  3.77909E+42
   9.95  3.82294E+42
  10.33  3.86277E+42
  10.71  3.88878E+42
  11.12  3.91335E+42
  11.53  3.90902E+42
  11.97  3.90505E+42
  12.42  3.89016E+42
  12.88  3.85550E+42
  13.37  3.80283E+42
  13.87  3.74332E+42
  14.39  3.66183E+42
  14.93  3.57570E+42
  15.49  3.47048E+42
  16.07  3.35981E+42
  16.68  3.24430E+42
  17.30  3.12401E+42
  17.95  3.00080E+42
  18.63  2.87398E+42
  19.33  2.75025E+42
  20.06  2.62360E+42
  20.81  2.49848E+42
  21.59  2.37166E+42
  22.40  2.25538E+42
  23.24  2.12713E+42
  24.12  2.00629E+42
  25.02  1.88484E+42
  25.96  1.76081E+42
  26.94  1.64388E+42
  27.95  1.52482E+42
  29.00  1.40825E+42
  30.09  1.29361E+42
  31.22  1.18896E+42
  32.40  1.08824E+42
  33.61  9.94955E+41
  34.88  9.14150E+41
  36.19  8.45431E+41
  37.55  7.83263E+41
  38.96  7.26393E+41
  40.42  6.78736E+41
  41.94  6.31653E+41
  43.52  5.89334E+41
  45.15  5.48759E+41
  46.85  5.14035E+41
  48.61  4.79998E+41
  50.43  4.48491E+41
  52.33  4.19735E+41
  54.30  3.92337E+41
  56.34  3.65846E+41
  58.45  3.41910E+41
  60.65  3.19872E+41
  62.93  2.97299E+41
  65.29  2.77603E+41
  67.75  2.59456E+41
  70.29  2.41363E+41
  72.93  2.24406E+41
  75.67  2.08104E+41
  78.52  1.93345E+41
  81.47  1.79215E+41
