  4.0000E+002  0.0000E+000  0.0000E+000 
  4.0020E+002  3.7406E-025  7.9055E-025 
  4.0040E+002  2.6521E-025  1.0770E-024 
  4.0060E+002  7.5078E-025  1.3804E-024 
  4.0080E+002  2.1237E-024  1.6671E-024 
  4.0100E+002  2.1325E-024  1.9025E-024 
  4.0120E+002  6.1989E-024  2.0615E-024 
  4.0140E+002  2.6674E-024  2.1358E-024 
  4.0160E+002  5.1837E-025  2.1362E-024 
  4.0180E+002  2.5299E-024  2.0881E-024 
  4.0200E+002  1.3969E-024  2.0228E-024 
  4.0221E+002  1.9169E-024  1.9684E-024 
  4.0241E+002  1.9330E-024  1.9427E-024 
  4.0261E+002  6.6417E-025  1.9510E-024 
  4.0281E+002  1.8936E-024  1.9871E-024 
  4.0301E+002  3.1974E-024  2.0370E-024 
  4.0321E+002  1.1362E-026  2.0844E-024 
  4.0341E+002  4.9648E-024  2.1165E-024 
  4.0362E+002  3.1143E-024  2.1271E-024 
  4.0382E+002  6.9604E-028  2.1181E-024 
  4.0402E+002  2.4904E-024  2.0976E-024 
  4.0422E+002  2.4929E-024  2.0767E-024 
  4.0442E+002  6.2745E-025  2.0675E-024 
  4.0463E+002  3.7597E-024  2.0822E-024 
  4.0483E+002  6.1484E-025  2.1326E-024 
  4.0503E+002  3.7296E-024  2.2285E-024 
  4.0523E+002  6.1342E-025  2.3740E-024 
  4.0544E+002  6.2065E-025  2.5624E-024 
  4.0564E+002  3.0622E-024  2.7743E-024 
  4.0584E+002  1.8634E-024  2.9796E-024 
  4.0604E+002  8.6222E-024  3.1460E-024 
  4.0625E+002  1.2349E-024  3.2489E-024 
  4.0645E+002  4.9281E-024  3.2786E-024 
  4.0665E+002  3.6602E-024  3.2427E-024 
  4.0686E+002  1.8501E-024  3.1625E-024 
  4.0706E+002  3.6906E-024  3.0662E-024 
  4.0726E+002  1.8443E-024  2.9811E-024 
  4.0747E+002  4.2852E-024  2.9278E-024 
  4.0767E+002  1.8453E-024  2.9149E-024 
  4.0787E+002  1.8430E-024  2.9382E-024 
  4.0808E+002  9.7474E-028  2.9817E-024 
  4.0828E+002  5.4782E-024  3.0247E-024 
  4.0849E+002  7.8931E-024  3.0502E-024 
  4.0869E+002  1.2310E-024  3.0517E-024 
  4.0890E+002  2.4134E-024  3.0356E-024 
  4.0910E+002  6.0573E-025  3.0166E-024 
  4.0930E+002  3.0351E-024  3.0111E-024 
  4.0951E+002  5.4951E-024  3.0314E-024 
  4.0971E+002  2.4390E-024  3.0828E-024 
  4.0992E+002  1.8224E-024  3.1643E-024 
  4.1012E+002  1.8174E-024  3.2709E-024 
  4.1033E+002  4.8024E-024  3.3955E-024 
  4.1053E+002  5.1163E-024  3.5318E-024 
  4.1074E+002  1.8110E-024  3.6764E-024 
  4.1094E+002  3.6429E-024  3.8299E-024 
  4.1115E+002  5.7784E-024  3.9971E-024 
  4.1136E+002  2.3934E-024  4.1840E-024 
  4.1156E+002  4.8694E-024  4.3941E-024 
  4.1177E+002  3.5878E-024  4.6245E-024 
  4.1197E+002  3.6081E-024  4.8654E-024 
  4.1218E+002  7.5818E-024  5.1042E-024 
  4.1238E+002  3.6029E-024  5.3312E-024 
  4.1259E+002  9.6730E-024  5.5466E-024 
  4.1280E+002  4.7741E-024  5.7628E-024 
  4.1300E+002  2.9577E-024  6.0015E-024 
  4.1321E+002  7.2763E-024  6.2865E-024 
  4.1342E+002  4.8651E-024  6.6354E-024 
  4.1362E+002  5.5280E-024  7.0559E-024 
  4.1383E+002  1.0369E-023  7.5460E-024 
  4.1404E+002  6.2072E-024  8.0954E-024 
  4.1424E+002  1.0684E-023  8.6861E-024 
  4.1445E+002  6.7441E-024  9.2893E-024 
  4.1466E+002  7.6474E-024  9.8657E-024 
  4.1487E+002  9.8897E-024  1.0367E-023 
  4.1507E+002  1.9548E-023  1.0748E-023 
  4.1528E+002  1.1050E-023  1.0977E-023 
  4.1549E+002  1.2870E-023  1.1049E-023 
  4.1570E+002  3.5375E-024  1.0988E-023 
  4.1590E+002  2.1753E-023  1.0839E-023 
  4.1611E+002  5.0038E-024  1.0656E-023 
  4.1632E+002  1.0547E-023  1.0487E-023 
  4.1653E+002  6.7796E-024  1.0365E-023 
  4.1674E+002  1.0259E-023  1.0301E-023 
  4.1694E+002  1.4050E-023  1.0291E-023 
  4.1715E+002  8.0814E-024  1.0320E-023 
  4.1736E+002  1.0813E-023  1.0368E-023 
  4.1757E+002  1.1517E-023  1.0413E-023 
  4.1778E+002  6.5254E-024  1.0430E-023 
  4.1799E+002  1.2977E-023  1.0399E-023 
  4.1820E+002  1.0198E-023  1.0309E-023 
  4.1841E+002  1.5412E-023  1.0169E-023 
  4.1862E+002  1.1080E-023  1.0018E-023 
  4.1882E+002  3.7519E-024  9.9170E-024 
  4.1903E+002  1.0962E-023  9.9362E-024 
  4.1924E+002  7.9447E-024  1.0132E-023 
  4.1945E+002  2.8594E-024  1.0524E-023 
  4.1966E+002  1.6855E-023  1.1085E-023 
  4.1987E+002  8.7362E-024  1.1737E-023 
  4.2008E+002  1.0567E-023  1.2376E-023 
  4.2029E+002  1.5116E-023  1.2891E-023 
  4.2050E+002  2.3712E-023  1.3204E-023 
  4.2071E+002  1.2691E-023  1.3283E-023 
  4.2092E+002  1.4009E-023  1.3160E-023 
  4.2113E+002  1.3877E-023  1.2915E-023 
  4.2134E+002  8.9633E-024  1.2652E-023 
  4.2156E+002  7.4402E-024  1.2469E-023 
  4.2177E+002  1.7370E-023  1.2431E-023 
  4.2198E+002  8.6600E-024  1.2555E-023 
  4.2219E+002  7.3755E-024  1.2814E-023 
  4.2240E+002  1.2916E-023  1.3147E-023 
  4.2261E+002  2.3316E-023  1.3492E-023 
  4.2282E+002  1.0724E-023  1.3805E-023 
  4.2303E+002  1.6062E-023  1.4089E-023 
  4.2324E+002  1.5177E-023  1.4396E-023 
  4.2346E+002  1.0785E-023  1.4830E-023 
  4.2367E+002  1.2005E-023  1.5525E-023 
  4.2388E+002  1.9569E-023  1.6616E-023 
  4.2409E+002  9.4215E-024  1.8195E-023 
  4.2430E+002  1.6919E-023  2.0274E-023 
  4.2452E+002  1.2284E-023  2.2755E-023 
  4.2473E+002  1.5079E-023  2.5427E-023 
  4.2494E+002  3.7461E-023  2.8012E-023 
  4.2515E+002  6.7595E-023  3.0233E-023 
  4.2537E+002  1.8047E-023  3.1904E-023 
  4.2558E+002  9.9490E-024  3.2990E-023 
  4.2579E+002  9.0750E-023  3.3626E-023 
  4.2600E+002  1.6937E-023  3.4060E-023 
  4.2622E+002  1.6649E-023  3.4555E-023 
  4.2643E+002  2.7386E-023  3.5265E-023 
  4.2664E+002  1.7576E-023  3.6151E-023 
  4.2686E+002  3.4528E-023  3.6982E-023 
  4.2707E+002  8.1970E-023  3.7443E-023 
  4.2728E+002  1.7868E-023  3.7295E-023 
  4.2750E+002  9.8377E-023  3.6539E-023 
  4.2771E+002  3.8279E-024  3.5486E-023 
  4.2792E+002  2.8675E-023  3.4718E-023 
  4.2814E+002  1.1943E-023  3.4953E-023 
  4.2835E+002  1.2688E-023  3.6881E-023 
  4.2857E+002  4.9475E-023  4.1022E-023 
  4.2878E+002  1.3173E-023  4.7648E-023 
  4.2900E+002  2.0415E-023  5.6787E-023 
  4.2921E+002  6.8600E-023  6.8290E-023 
  4.2942E+002  9.2365E-023  8.1932E-023 
  4.2964E+002  9.3179E-023  9.7528E-023 
  4.2985E+002  8.6680E-023  1.1499E-022 
  4.3007E+002  9.7980E-023  1.3431E-022 
  4.3028E+002  2.1848E-022  1.5537E-022 
  4.3050E+002  1.8705E-022  1.7770E-022 
  4.3071E+002  7.2975E-023  2.0028E-022 
  4.3093E+002  3.5795E-023  2.2150E-022 
  4.3115E+002  6.4928E-022  2.3949E-022 
  4.3136E+002  2.3526E-022  2.5261E-022 
  4.3158E+002  3.0370E-022  2.6006E-022 
  4.3179E+002  2.8413E-022  2.6220E-022 
  4.3201E+002  2.5361E-022  2.6062E-022 
  4.3222E+002  2.5779E-022  2.5766E-022 
  4.3244E+002  3.2035E-022  2.5583E-022 
  4.3266E+002  7.5129E-023  2.5705E-022 
  4.3287E+002  1.8030E-022  2.6212E-022 
  4.3309E+002  2.2625E-022  2.7056E-022 
  4.3331E+002  3.3288E-022  2.8083E-022 
  4.3352E+002  3.2972E-022  2.9104E-022 
  4.3374E+002  4.6999E-022  2.9979E-022 
  4.3396E+002  2.6824E-022  3.0672E-022 
  4.3417E+002  3.0926E-022  3.1260E-022 
  4.3439E+002  2.9251E-022  3.1890E-022 
  4.3461E+002  2.3121E-022  3.2700E-022 
  4.3482E+002  2.7941E-022  3.3748E-022 
  4.3504E+002  2.8132E-022  3.4984E-022 
  4.3526E+002  4.7170E-022  3.6262E-022 
  4.3548E+002  4.6820E-022  3.7413E-022 
  4.3570E+002  3.2944E-022  3.8308E-022 
  4.3591E+002  5.6650E-022  3.8927E-022 
  4.3613E+002  2.9772E-022  3.9363E-022 
  4.3635E+002  3.9042E-022  3.9792E-022 
  4.3657E+002  4.2958E-022  4.0398E-022 
  4.3679E+002  2.7495E-022  4.1298E-022 
  4.3700E+002  2.7964E-022  4.2485E-022 
  4.3722E+002  5.0269E-022  4.3824E-022 
  4.3744E+002  4.4649E-022  4.5100E-022 
  4.3766E+002  7.5132E-022  4.6090E-022 
  4.3788E+002  4.7990E-022  4.6638E-022 
  4.3810E+002  4.3289E-022  4.6685E-022 
  4.3832E+002  2.4703E-022  4.6266E-022 
  4.3854E+002  7.4320E-022  4.5488E-022 
  4.3876E+002  3.9687E-022  4.4516E-022 
  4.3897E+002  3.6079E-022  4.3572E-022 
  4.3919E+002  6.3413E-022  4.2925E-022 
  4.3941E+002  2.3686E-022  4.2857E-022 
  4.3963E+002  2.9219E-022  4.3586E-022 
  4.3985E+002  2.6147E-022  4.5181E-022 
  4.4007E+002  4.2690E-022  4.7513E-022 
  4.4029E+002  4.9062E-022  5.0283E-022 
  4.4051E+002  6.4586E-022  5.3110E-022 
  4.4073E+002  7.5799E-022  5.5686E-022 
  4.4095E+002  7.2057E-022  5.7877E-022 
  4.4117E+002  5.7192E-022  5.9778E-022 
  4.4139E+002  4.0110E-022  6.1653E-022 
  4.4162E+002  5.8789E-022  6.3834E-022 
  4.4184E+002  6.6153E-022  6.6598E-022 
  4.4206E+002  5.7468E-022  7.0077E-022 
  4.4228E+002  8.0799E-022  7.4211E-022 
  4.4250E+002  5.8925E-022  7.8752E-022 
  4.4272E+002  9.1777E-022  8.3291E-022 
  4.4294E+002  9.7617E-022  8.7334E-022 
  4.4316E+002  8.7686E-022  9.0396E-022 
  4.4339E+002  1.2198E-021  9.2123E-022 
  4.4361E+002  1.1595E-021  9.2413E-022 
  4.4383E+002  9.7973E-022  9.1474E-022 
  4.4405E+002  9.5662E-022  8.9794E-022 
  4.4427E+002  8.5694E-022  8.8024E-022 
  4.4449E+002  4.4293E-022  8.6783E-022 
  4.4472E+002  6.6631E-022  8.6489E-022 
  4.4494E+002  9.8905E-022  8.7259E-022 
  4.4516E+002  6.8477E-022  8.8926E-022 
  4.4538E+002  1.1620E-021  9.1154E-022 
  4.4561E+002  8.2347E-022  9.3584E-022 
  4.4583E+002  1.3300E-021  9.5962E-022 
  4.4605E+002  7.3245E-022  9.8179E-022 
  4.4628E+002  9.0942E-022  1.0026E-021 
  4.4650E+002  1.0933E-021  1.0227E-021 
  4.4672E+002  1.1069E-021  1.0428E-021 
  4.4695E+002  9.3938E-022  1.0633E-021 
  4.4717E+002  1.2019E-021  1.0836E-021 
  4.4739E+002  9.9975E-022  1.1030E-021 
  4.4762E+002  1.1250E-021  1.1209E-021 
  4.4784E+002  1.3046E-021  1.1369E-021 
  4.4806E+002  1.1416E-021  1.1511E-021 
  4.4829E+002  1.1810E-021  1.1642E-021 
  4.4851E+002  1.1019E-021  1.1774E-021 
  4.4874E+002  1.1574E-021  1.1916E-021 
  4.4896E+002  1.1445E-021  1.2075E-021 
  4.4919E+002  1.1251E-021  1.2251E-021 
  4.4941E+002  1.5403E-021  1.2440E-021 
  4.4963E+002  1.3020E-021  1.2632E-021 
  4.4986E+002  9.6378E-022  1.2815E-021 
  4.5008E+002  1.1628E-021  1.2972E-021 
  4.5031E+002  1.6999E-021  1.3086E-021 
  4.5053E+002  1.5320E-021  1.3147E-021 
  4.5076E+002  1.1564E-021  1.3154E-021 
  4.5099E+002  1.1044E-021  1.3124E-021 
  4.5121E+002  1.7772E-021  1.3088E-021 
  4.5144E+002  1.1894E-021  1.3087E-021 
  4.5166E+002  1.1740E-021  1.3154E-021 
  4.5189E+002  7.4428E-022  1.3308E-021 
  4.5211E+002  1.2420E-021  1.3540E-021 
  4.5234E+002  1.8347E-021  1.3827E-021 
  4.5257E+002  1.5928E-021  1.4136E-021 
  4.5279E+002  1.6358E-021  1.4442E-021 
  4.5302E+002  1.0917E-021  1.4735E-021 
  4.5325E+002  1.1415E-021  1.5017E-021 
  4.5347E+002  1.9813E-021  1.5300E-021 
  4.5370E+002  1.7573E-021  1.5593E-021 
  4.5393E+002  1.5049E-021  1.5899E-021 
  4.5415E+002  1.0677E-021  1.6209E-021 
  4.5438E+002  1.7409E-021  1.6499E-021 
  4.5461E+002  1.9676E-021  1.6735E-021 
  4.5483E+002  2.0185E-021  1.6879E-021 
  4.5506E+002  1.5885E-021  1.6905E-021 
  4.5529E+002  1.6885E-021  1.6806E-021 
  4.5552E+002  1.9166E-021  1.6599E-021 
  4.5574E+002  1.6904E-021  1.6323E-021 
  4.5597E+002  1.7247E-021  1.6024E-021 
  4.5620E+002  9.5943E-022  1.5746E-021 
  4.5643E+002  1.4564E-021  1.5518E-021 
  4.5666E+002  1.8173E-021  1.5349E-021 
  4.5688E+002  1.5350E-021  1.5233E-021 
  4.5711E+002  1.4291E-021  1.5158E-021 
  4.5734E+002  1.5882E-021  1.5111E-021 
  4.5757E+002  1.3629E-021  1.5088E-021 
  4.5780E+002  1.6869E-021  1.5084E-021 
  4.5803E+002  1.2939E-021  1.5094E-021 
  4.5826E+002  1.3974E-021  1.5107E-021 
  4.5849E+002  1.7003E-021  1.5110E-021 
  4.5872E+002  1.5155E-021  1.5090E-021 
  4.5894E+002  1.6651E-021  1.5047E-021 
  4.5917E+002  1.7675E-021  1.4993E-021 
  4.5940E+002  1.0274E-021  1.4952E-021 
  4.5963E+002  1.4935E-021  1.4953E-021 
  4.5986E+002  1.3104E-021  1.5017E-021 
  4.6009E+002  1.5403E-021  1.5155E-021 
  4.6032E+002  1.7390E-021  1.5365E-021 
  4.6055E+002  1.4456E-021  1.5634E-021 
  4.6078E+002  1.3484E-021  1.5940E-021 
  4.6101E+002  1.8191E-021  1.6256E-021 
  4.6124E+002  1.5752E-021  1.6547E-021 
  4.6148E+002  1.6620E-021  1.6772E-021 
  4.6171E+002  2.0174E-021  1.6892E-021 
  4.6194E+002  1.7972E-021  1.6876E-021 
  4.6217E+002  1.7193E-021  1.6708E-021 
  4.6240E+002  1.6704E-021  1.6393E-021 
  4.6263E+002  1.9539E-021  1.5963E-021 
  4.6286E+002  1.3906E-021  1.5464E-021 
  4.6309E+002  1.4154E-021  1.4954E-021 
  4.6332E+002  1.5399E-021  1.4486E-021 
  4.6356E+002  8.8255E-022  1.4097E-021 
  4.6379E+002  1.4349E-021  1.3802E-021 
  4.6402E+002  1.2173E-021  1.3592E-021 
  4.6425E+002  1.7672E-021  1.3444E-021 
  4.6448E+002  1.1225E-021  1.3331E-021 
  4.6472E+002  1.2921E-021  1.3231E-021 
  4.6495E+002  1.4010E-021  1.3133E-021 
  4.6518E+002  1.2265E-021  1.3035E-021 
  4.6541E+002  1.3296E-021  1.2940E-021 
  4.6565E+002  1.3248E-021  1.2851E-021 
  4.6588E+002  1.3645E-021  1.2764E-021 
  4.6611E+002  8.0756E-022  1.2668E-021 
  4.6635E+002  1.3959E-021  1.2541E-021 
  4.6658E+002  1.6021E-021  1.2360E-021 
  4.6681E+002  1.2830E-021  1.2112E-021 
  4.6705E+002  1.2856E-021  1.1795E-021 
  4.6728E+002  9.6322E-022  1.1427E-021 
  4.6751E+002  1.0206E-021  1.1039E-021 
  4.6775E+002  1.3304E-021  1.0665E-021 
  4.6798E+002  8.2469E-022  1.0332E-021 
  4.6821E+002  8.1001E-022  1.0051E-021 
  4.6845E+002  7.5945E-022  9.8181E-022 
  4.6868E+002  1.1414E-021  9.6159E-022 
  4.6892E+002  1.3790E-021  9.4250E-022 
  4.6915E+002  6.4735E-022  9.2319E-022 
  4.6939E+002  1.0342E-021  9.0331E-022 
  4.6962E+002  6.0772E-022  8.8330E-022 
  4.6986E+002  8.9047E-022  8.6374E-022 
  4.7009E+002  9.0583E-022  8.4482E-022 
  4.7033E+002  9.4883E-022  8.2607E-022 
  4.7056E+002  7.0034E-022  8.0659E-022 
  4.7080E+002  6.8611E-022  7.8538E-022 
  4.7103E+002  9.5793E-022  7.6190E-022 
  4.7127E+002  7.7759E-022  7.3639E-022 
  4.7150E+002  7.7230E-022  7.0991E-022 
  4.7174E+002  5.7598E-022  6.8412E-022 
  4.7197E+002  5.6507E-022  6.6081E-022 
  4.7221E+002  5.4752E-022  6.4133E-022 
  4.7245E+002  6.1202E-022  6.2623E-022 
  4.7268E+002  7.5945E-022  6.1507E-022 
  4.7292E+002  5.4990E-022  6.0654E-022 
  4.7315E+002  4.5442E-022  5.9877E-022 
  4.7339E+002  5.3552E-022  5.8974E-022 
  4.7363E+002  7.9004E-022  5.7790E-022 
  4.7386E+002  7.8123E-022  5.6269E-022 
  4.7410E+002  5.5778E-022  5.4484E-022 
  4.7434E+002  2.8017E-022  5.2622E-022 
  4.7458E+002  5.1082E-022  5.0912E-022 
  4.7481E+002  4.5897E-022  4.9541E-022 
  4.7505E+002  4.5424E-022  4.8582E-022 
  4.7529E+002  4.0770E-022  4.7966E-022 
  4.7553E+002  4.2097E-022  4.7516E-022 
  4.7576E+002  6.4539E-022  4.7013E-022 
  4.7600E+002  5.2235E-022  4.6274E-022 
  4.7624E+002  5.0654E-022  4.5206E-022 
  4.7648E+002  4.0128E-022  4.3819E-022 
  4.7672E+002  3.6959E-022  4.2203E-022 
  4.7695E+002  4.6446E-022  4.0481E-022 
  4.7719E+002  3.5377E-022  3.8757E-022 
  4.7743E+002  3.3435E-022  3.7094E-022 
  4.7767E+002  3.1781E-022  3.5509E-022 
  4.7791E+002  3.4936E-022  3.3997E-022 
  4.7815E+002  4.7231E-022  3.2560E-022 
  4.7839E+002  2.4286E-022  3.1224E-022 
  4.7863E+002  2.3031E-022  3.0041E-022 
  4.7887E+002  3.0936E-022  2.9061E-022 
  4.7910E+002  1.5915E-022  2.8309E-022 
  4.7934E+002  3.5063E-022  2.7759E-022 
  4.7958E+002  2.5022E-022  2.7352E-022 
  4.7982E+002  2.6475E-022  2.7011E-022 
  4.8006E+002  3.3750E-022  2.6675E-022 
  4.8030E+002  2.8875E-022  2.6322E-022 
  4.8054E+002  2.1483E-022  2.5956E-022 
  4.8078E+002  2.1219E-022  2.5593E-022 
  4.8102E+002  2.2589E-022  2.5229E-022 
  4.8127E+002  2.8563E-022  2.4829E-022 
  4.8151E+002  2.3607E-022  2.4335E-022 
  4.8175E+002  3.0749E-022  2.3698E-022 
  4.8199E+002  2.5349E-022  2.2896E-022 
  4.8223E+002  2.6340E-022  2.1953E-022 
  4.8247E+002  1.4973E-022  2.0920E-022 
  4.8271E+002  1.2681E-022  1.9848E-022 
  4.8295E+002  1.9146E-022  1.8763E-022 
  4.8319E+002  2.1973E-022  1.7662E-022 
  4.8344E+002  2.1126E-022  1.6527E-022 
  4.8368E+002  1.4841E-022  1.5349E-022 
  4.8392E+002  1.5870E-022  1.4147E-022 
  4.8416E+002  8.5369E-023  1.2967E-022 
  4.8440E+002  9.5078E-023  1.1871E-022 
  4.8464E+002  1.1202E-022  1.0911E-022 
  4.8489E+002  9.7824E-023  1.0119E-022 
  4.8513E+002  5.1673E-023  9.4973E-023 
  4.8537E+002  1.0937E-022  9.0189E-023 
  4.8562E+002  7.7255E-023  8.6390E-023 
  4.8586E+002  7.0266E-023  8.3040E-023 
  4.8610E+002  9.3242E-023  7.9641E-023 
  4.8634E+002  9.5003E-023  7.5845E-023 
  4.8659E+002  9.8843E-023  7.1526E-023 
  4.8683E+002  5.5148E-023  6.6773E-023 
  4.8707E+002  4.6264E-023  6.1832E-023 
  4.8732E+002  3.8440E-023  5.6986E-023 
  4.8756E+002  4.8623E-023  5.2468E-023 
  4.8780E+002  9.1915E-023  4.8388E-023 
  4.8805E+002  5.2626E-024  4.4737E-023 
  4.8829E+002  1.9974E-023  4.1416E-023 
  4.8854E+002  7.0860E-023  3.8282E-023 
  4.8878E+002  4.3127E-023  3.5198E-023 
  4.8903E+002  8.9307E-024  3.2070E-023 
  4.8927E+002  4.4240E-023  2.8869E-023 
  4.8951E+002  2.3488E-023  2.5650E-023 
  4.8976E+002  2.8140E-023  2.2525E-023 
  4.9000E+002  1.3754E-023  1.9631E-023 
  4.9025E+002  4.1916E-024  1.7083E-023 
  4.9049E+002  1.0969E-023  1.4937E-023 
  4.9074E+002  5.6295E-024  1.3175E-023 
  4.9098E+002  2.6521E-023  1.1721E-023 
  4.9123E+002  8.7008E-024  1.0480E-023 
  4.9148E+002  5.8977E-024  9.3739E-024 
  4.9172E+002  9.4325E-024  8.3636E-024 
  4.9197E+002  5.0007E-024  7.4503E-024 
  4.9221E+002  4.9336E-024  6.6711E-024 
  4.9246E+002  5.0198E-024  6.1040E-024 
  4.9271E+002  6.6442E-024  5.9033E-024 
  4.9295E+002  4.1077E-024  6.3725E-024 
  4.9320E+002  3.1581E-024  8.0599E-024 
  4.9345E+002  3.3398E-024  1.1844E-023 
  4.9369E+002  3.4616E-024  1.8931E-023 
  4.9394E+002  2.5165E-024  3.0691E-023 
  4.9419E+002  3.1609E-024  4.8275E-023 
  4.9443E+002  2.7038E-024  7.2099E-023 
  4.9468E+002  4.2303E-024  1.0137E-022 
  4.9493E+002  5.0385E-024  1.3396E-022 
  4.9518E+002  1.5251E-022  1.6676E-022 
  4.9542E+002  5.6732E-022  1.9648E-022 
  4.9567E+002  3.1867E-022  2.2069E-022 
  4.9592E+002  2.0942E-022  2.3855E-022 
  4.9617E+002  3.1345E-024  2.5103E-022 
  4.9641E+002  7.4597E-022  2.6054E-022 
  4.9666E+002  4.9713E-024  2.7030E-022 
  4.9691E+002  4.5471E-024  2.8369E-022 
  4.9716E+002  4.8626E-022  3.0361E-022 
  4.9741E+002  2.4161E-022  3.3203E-022 
  4.9766E+002  4.2434E-022  3.6950E-022 
  4.9791E+002  2.2076E-022  4.1472E-022 
  4.9815E+002  4.1373E-024  4.6431E-022 
  4.9840E+002  7.6551E-022  5.1322E-022 
  4.9865E+002  1.0319E-021  5.5581E-022 
  4.9890E+002  6.3498E-022  5.8736E-022 
  4.9915E+002  6.3680E-022  6.0562E-022 
  4.9940E+002  7.2014E-022  6.1153E-022 
  4.9965E+002  7.9366E-022  6.0901E-022 
  4.9990E+002  4.5092E-022  6.0378E-022 
  5.0015E+002  6.3300E-022  6.0182E-022 
  5.0040E+002  6.4863E-024  6.0787E-022 
  5.0065E+002  6.4376E-022  6.2489E-022 
  5.0090E+002  9.3817E-022  6.5428E-022 
  5.0115E+002  4.6631E-022  6.9683E-022 
  5.0140E+002  1.0114E-021  7.5343E-022 
  5.0165E+002  6.4972E-022  8.2558E-022 
  5.0190E+002  4.7599E-024  9.1509E-022 
  5.0215E+002  1.4175E-021  1.0239E-021 
  5.0241E+002  1.5206E-021  1.1550E-021 
  5.0266E+002  4.6562E-023  1.3131E-021 
  5.0291E+002  2.6220E-021  1.5060E-021 
  5.0316E+002  1.1694E-021  1.7438E-021 
  5.0341E+002  1.6034E-021  2.0356E-021 
  5.0366E+002  1.1629E-021  2.3838E-021 
  5.0391E+002  2.7657E-021  2.7785E-021 
  5.0417E+002  1.6841E-021  3.1948E-021 
  5.0442E+002  1.9927E-021  3.5953E-021 
  5.0467E+002  1.0858E-020  3.9413E-021 
  5.0492E+002  3.3355E-021  4.2051E-021 
  5.0518E+002  8.7256E-022  4.3843E-021 
  5.0543E+002  1.2916E-020  4.5073E-021 
  5.0568E+002  5.0771E-022  4.6291E-021 
  5.0593E+002  4.2805E-021  4.8137E-021 
  5.0619E+002  2.2376E-021  5.1108E-021 
  5.0644E+002  1.4173E-021  5.5324E-021 
  5.0669E+002  4.2039E-021  6.0435E-021 
  5.0695E+002  9.4470E-021  6.5708E-021 
  5.0720E+002  1.0530E-020  7.0308E-021 
  5.0745E+002  6.8183E-021  7.3634E-021 
  5.0771E+002  1.7780E-020  7.5577E-021 
  5.0796E+002  5.5178E-021  7.6542E-021 
  5.0822E+002  3.6315E-021  7.7228E-021 
  5.0847E+002  1.1100E-021  7.8278E-021 
  5.0872E+002  4.1203E-021  7.9987E-021 
  5.0898E+002  1.7681E-020  8.2227E-021 
  5.0923E+002  4.4486E-021  8.4601E-021 
  5.0949E+002  1.4501E-020  8.6725E-021 
  5.0974E+002  1.2360E-020  8.8439E-021 
  5.1000E+002  1.0796E-021  8.9862E-021 
  5.1025E+002  9.0422E-021  9.1278E-021 
  5.1051E+002  9.2821E-021  9.2952E-021 
  5.1076E+002  1.1123E-020  9.4993E-021 
  5.1102E+002  7.7206E-021  9.7307E-021 
  5.1127E+002  9.5474E-021  9.9635E-021 
  5.1153E+002  1.9055E-020  1.0161E-020 
  5.1178E+002  7.1830E-022  1.0287E-020 
  5.1204E+002  2.3758E-021  1.0311E-020 
  5.1230E+002  3.3188E-020  1.0225E-020 
  5.1255E+002  8.7989E-021  1.0052E-020 
  5.1281E+002  5.1257E-022  9.8394E-021 
  5.1306E+002  6.4825E-021  9.6518E-021 
  5.1332E+002  1.4381E-020  9.5457E-021 
  5.1358E+002  4.4528E-021  9.5519E-021 
  5.1383E+002  9.7723E-021  9.6659E-021 
  5.1409E+002  8.1133E-021  9.8536E-021 
  5.1435E+002  1.6870E-020  1.0064E-020 
  5.1461E+002  3.9749E-021  1.0249E-020 
  5.1486E+002  1.5297E-020  1.0371E-020 
  5.1512E+002  9.6488E-021  1.0414E-020 
  5.1538E+002  1.1888E-020  1.0382E-020 
  5.1564E+002  1.2161E-020  1.0288E-020 
  5.1589E+002  9.9535E-021  1.0141E-020 
  5.1615E+002  1.2382E-021  9.9392E-021 
  5.1641E+002  1.1360E-020  9.6713E-021 
  5.1667E+002  2.3077E-020  9.3241E-021 
  5.1693E+002  1.6728E-021  8.9021E-021 
  5.1718E+002  1.1393E-020  8.4384E-021 
  5.1744E+002  7.5495E-021  7.9911E-021 
  5.1770E+002  4.8933E-021  7.6261E-021 
  5.1796E+002  2.3865E-021  7.3920E-021 
  5.1822E+002  6.8421E-021  7.3014E-021 
  5.1848E+002  5.9885E-021  7.3274E-021 
  5.1874E+002  8.8487E-021  7.4186E-021 
  5.1900E+002  1.2653E-020  7.5231E-021 
  5.1926E+002  7.0995E-021  7.6094E-021 
  5.1952E+002  7.0009E-021  7.6742E-021 
  5.1978E+002  7.5265E-021  7.7349E-021 
  5.2004E+002  4.1593E-021  7.8108E-021 
  5.2030E+002  6.3961E-021  7.9065E-021 
  5.2056E+002  1.3156E-020  8.0029E-021 
  5.2082E+002  4.5701E-021  8.0614E-021 
  5.2108E+002  1.0528E-020  8.0371E-021 
  5.2134E+002  1.1294E-020  7.8944E-021 
  5.2160E+002  6.0417E-021  7.6211E-021 
  5.2186E+002  1.0509E-020  7.2328E-021 
  5.2212E+002  7.3301E-021  6.7703E-021 
  5.2238E+002  3.6709E-021  6.2889E-021 
  5.2264E+002  6.2194E-021  5.8425E-021 
  5.2290E+002  1.5746E-021  5.4708E-021 
  5.2317E+002  6.2572E-021  5.1918E-021 
  5.2343E+002  3.1377E-021  5.0048E-021 
  5.2369E+002  6.7354E-021  4.8993E-021 
  5.2395E+002  5.4030E-021  4.8683E-021 
  5.2421E+002  4.0194E-021  4.9163E-021 
  5.2447E+002  6.1588E-021  5.0584E-021 
  5.2474E+002  4.9534E-022  5.3110E-021 
  5.2500E+002  4.7586E-021  5.6782E-021 
  5.2526E+002  5.7093E-021  6.1409E-021 
  5.2552E+002  8.3827E-021  6.6551E-021 
  5.2579E+002  2.8872E-021  7.1609E-021 
  5.2605E+002  1.2086E-020  7.5979E-021 
  5.2631E+002  1.4822E-020  7.9224E-021 
  5.2658E+002  5.6606E-021  8.1175E-021 
  5.2684E+002  4.1362E-021  8.1929E-021 
  5.2710E+002  1.3000E-020  8.1770E-021 
  5.2737E+002  8.5368E-021  8.1053E-021 
  5.2763E+002  3.9594E-021  8.0101E-021 
  5.2789E+002  8.2459E-021  7.9172E-021 
  5.2816E+002  1.2332E-020  7.8462E-021 
  5.2842E+002  4.8739E-021  7.8148E-021 
  5.2869E+002  4.4526E-021  7.8425E-021 
  5.2895E+002  1.0691E-020  7.9513E-021 
  5.2921E+002  8.4720E-021  8.1622E-021 
  5.2948E+002  7.2082E-021  8.4862E-021 
  5.2974E+002  4.4848E-021  8.9136E-021 
  5.3001E+002  9.0875E-021  9.4063E-021 
  5.3027E+002  9.1414E-021  9.8997E-021 
  5.3054E+002  1.1983E-020  1.0318E-020 
  5.3080E+002  1.6440E-020  1.0594E-020 
  5.3107E+002  1.6587E-020  1.0693E-020 
  5.3134E+002  8.1872E-021  1.0619E-020 
  5.3160E+002  5.7998E-021  1.0413E-020 
  5.3187E+002  7.4352E-021  1.0132E-020 
  5.3213E+002  2.0528E-020  9.8341E-021 
  5.3240E+002  7.4822E-021  9.5614E-021 
  5.3267E+002  8.5349E-022  9.3301E-021 
  5.3293E+002  6.3504E-021  9.1322E-021 
  5.3320E+002  1.3925E-020  8.9458E-021 
  5.3346E+002  1.4899E-020  8.7521E-021 
  5.3373E+002  8.2456E-021  8.5510E-021 
  5.3400E+002  6.3713E-021  8.3676E-021 
  5.3427E+002  4.5908E-021  8.2432E-021 
  5.3453E+002  5.3342E-021  8.2177E-021 
  5.3480E+002  9.6980E-021  8.3115E-021 
  5.3507E+002  8.8686E-021  8.5169E-021 
  5.3533E+002  6.8065E-021  8.8009E-021 
  5.3560E+002  7.0426E-021  9.1166E-021 
  5.3587E+002  1.8021E-020  9.4163E-021 
  5.3614E+002  3.9026E-021  9.6601E-021 
  5.3641E+002  1.2154E-020  9.8196E-021 
  5.3667E+002  1.2508E-020  9.8799E-021 
  5.3694E+002  1.9098E-021  9.8399E-021 
  5.3721E+002  2.2138E-020  9.7143E-021 
  5.3748E+002  8.1629E-021  9.5324E-021 
  5.3775E+002  5.1046E-021  9.3327E-021 
  5.3802E+002  7.8530E-021  9.1529E-021 
  5.3829E+002  8.2399E-021  9.0176E-021 
  5.3856E+002  9.1474E-021  8.9334E-021 
  5.3882E+002  6.3826E-021  8.8912E-021 
  5.3909E+002  1.7138E-020  8.8745E-021 
  5.3936E+002  4.3177E-021  8.8682E-021 
  5.3963E+002  8.9576E-021  8.8622E-021 
  5.3990E+002  3.4220E-021  8.8512E-021 
  5.4017E+002  1.5693E-020  8.8323E-021 
  5.4044E+002  8.8261E-021  8.8059E-021 
  5.4071E+002  5.9108E-021  8.7786E-021 
  5.4098E+002  1.1398E-020  8.7642E-021 
  5.4125E+002  8.4190E-021  8.7809E-021 
  5.4152E+002  5.7847E-021  8.8435E-021 
  5.4180E+002  7.7052E-021  8.9535E-021 
  5.4207E+002  1.0464E-020  9.0935E-021 
  5.4234E+002  8.3495E-021  9.2283E-021 
  5.4261E+002  1.2272E-020  9.3144E-021 
  5.4288E+002  7.4366E-021  9.3146E-021 
  5.4315E+002  1.2431E-020  9.2125E-021 
  5.4342E+002  1.1987E-020  9.0215E-021 
  5.4369E+002  9.8732E-021  8.7842E-021 
  5.4397E+002  4.1478E-021  8.5609E-021 
  5.4424E+002  3.9363E-021  8.4127E-021 
  5.4451E+002  1.0985E-020  8.3846E-021 
  5.4478E+002  8.4522E-021  8.4945E-021 
  5.4506E+002  6.3662E-021  8.7309E-021 
  5.4533E+002  5.4545E-021  9.0598E-021 
  5.4560E+002  1.3168E-020  9.4373E-021 
  5.4587E+002  1.0819E-020  9.8243E-021 
  5.4615E+002  1.2055E-020  1.0200E-020 
  5.4642E+002  7.3076E-021  1.0572E-020 
  5.4669E+002  1.4945E-020  1.0968E-020 
  5.4697E+002  9.2837E-021  1.1432E-020 
  5.4724E+002  8.7649E-021  1.1999E-020 
  5.4751E+002  9.7250E-021  1.2678E-020 
  5.4779E+002  1.2978E-020  1.3443E-020 
  5.4806E+002  1.4574E-020  1.4232E-020 
  5.4833E+002  2.0243E-020  1.4965E-020 
  5.4861E+002  1.3026E-020  1.5565E-020 
  5.4888E+002  2.0449E-020  1.5982E-020 
  5.4916E+002  1.8435E-020  1.6207E-020 
  5.4943E+002  1.9760E-020  1.6270E-020 
  5.4971E+002  1.2113E-020  1.6235E-020 
  5.4998E+002  1.4647E-020  1.6175E-020 
  5.5026E+002  1.7607E-020  1.6149E-020 
  5.5053E+002  1.2294E-020  1.6195E-020 
  5.5081E+002  1.3995E-020  1.6321E-020 
  5.5108E+002  2.0702E-020  1.6526E-020 
  5.5136E+002  1.9552E-020  1.6806E-020 
  5.5163E+002  1.2552E-020  1.7179E-020 
  5.5191E+002  1.8323E-020  1.7672E-020 
  5.5219E+002  1.9360E-020  1.8313E-020 
  5.5246E+002  1.3420E-020  1.9102E-020 
  5.5274E+002  1.1181E-020  1.9993E-020 
  5.5301E+002  2.8755E-020  2.0894E-020 
  5.5329E+002  2.1898E-020  2.1685E-020 
  5.5357E+002  3.1791E-020  2.2252E-020 
  5.5384E+002  2.2958E-020  2.2522E-020 
  5.5412E+002  2.6691E-020  2.2480E-020 
  5.5440E+002  2.0931E-020  2.2163E-020 
  5.5468E+002  1.4525E-020  2.1644E-020 
  5.5495E+002  3.2093E-020  2.1010E-020 
  5.5523E+002  1.5537E-020  2.0345E-020 
  5.5551E+002  1.8769E-020  1.9721E-020 
  5.5579E+002  1.8988E-020  1.9191E-020 
  5.5606E+002  1.6658E-020  1.8793E-020 
  5.5634E+002  1.7366E-020  1.8539E-020 
  5.5662E+002  1.3172E-020  1.8430E-020 
  5.5690E+002  2.4153E-020  1.8453E-020 
  5.5718E+002  1.9420E-020  1.8599E-020 
  5.5745E+002  1.6113E-020  1.8863E-020 
  5.5773E+002  1.9807E-020  1.9241E-020 
  5.5801E+002  1.2691E-020  1.9721E-020 
  5.5829E+002  2.0617E-020  2.0270E-020 
  5.5857E+002  2.4600E-020  2.0833E-020 
  5.5885E+002  2.5198E-020  2.1336E-020 
  5.5913E+002  1.8141E-020  2.1699E-020 
  5.5941E+002  2.1787E-020  2.1854E-020 
  5.5969E+002  2.7323E-020  2.1763E-020 
  5.5997E+002  2.7675E-020  2.1430E-020 
  5.6025E+002  1.9635E-020  2.0906E-020 
  5.6053E+002  2.2209E-020  2.0285E-020 
  5.6081E+002  1.4306E-020  1.9679E-020 
  5.6109E+002  1.7018E-020  1.9188E-020 
  5.6137E+002  1.5113E-020  1.8884E-020 
  5.6165E+002  1.8565E-020  1.8796E-020 
  5.6193E+002  1.6042E-020  1.8922E-020 
  5.6221E+002  2.8075E-020  1.9237E-020 
  5.6249E+002  1.6065E-020  1.9714E-020 
  5.6277E+002  7.7201E-021  2.0320E-020 
  5.6306E+002  2.8479E-020  2.1015E-020 
  5.6334E+002  2.5580E-020  2.1741E-020 
  5.6362E+002  2.0940E-020  2.2424E-020 
  5.6390E+002  1.4755E-020  2.2978E-020 
  5.6418E+002  2.9285E-020  2.3330E-020 
  5.6447E+002  4.0495E-020  2.3445E-020 
  5.6475E+002  1.2935E-020  2.3344E-020 
  5.6503E+002  3.2749E-020  2.3119E-020 
  5.6531E+002  1.4565E-020  2.2908E-020 
  5.6559E+002  1.7101E-020  2.2869E-020 
  5.6588E+002  2.5128E-020  2.3142E-020 
  5.6616E+002  1.6078E-020  2.3822E-020 
  5.6644E+002  2.4397E-020  2.4941E-020 
  5.6673E+002  2.1992E-020  2.6477E-020 
  5.6701E+002  2.7818E-020  2.8365E-020 
  5.6729E+002  2.7138E-020  3.0529E-020 
  5.6758E+002  3.3948E-020  3.2907E-020 
  5.6786E+002  4.5657E-020  3.5460E-020 
  5.6815E+002  3.0321E-020  3.8172E-020 
  5.6843E+002  3.8790E-020  4.1011E-020 
  5.6871E+002  4.0247E-020  4.3888E-020 
  5.6900E+002  3.3208E-020  4.6624E-020 
  5.6928E+002  6.4805E-020  4.8968E-020 
  5.6957E+002  5.7418E-020  5.0650E-020 
  5.6985E+002  7.1253E-020  5.1470E-020 
  5.7014E+002  6.3649E-020  5.1383E-020 
  5.7042E+002  4.4527E-020  5.0527E-020 
  5.7071E+002  5.5880E-020  4.9206E-020 
  5.7099E+002  3.9098E-020  4.7804E-020 
  5.7128E+002  3.7655E-020  4.6683E-020 
  5.7156E+002  4.2445E-020  4.6087E-020 
  5.7185E+002  3.4916E-020  4.6079E-020 
  5.7214E+002  3.8187E-020  4.6537E-020 
  5.7242E+002  4.4631E-020  4.7208E-020 
  5.7271E+002  7.3586E-020  4.7801E-020 
  5.7299E+002  5.1417E-020  4.8080E-020 
  5.7328E+002  5.3656E-020  4.7929E-020 
  5.7357E+002  4.8770E-020  4.7365E-020 
  5.7385E+002  3.2219E-020  4.6501E-020 
  5.7414E+002  4.7121E-020  4.5490E-020 
  5.7443E+002  5.4456E-020  4.4469E-020 
  5.7471E+002  3.9373E-020  4.3536E-020 
  5.7500E+002  3.9218E-020  4.2733E-020 
  5.7529E+002  3.7791E-020  4.2057E-020 
  5.7558E+002  3.6921E-020  4.1471E-020 
  5.7587E+002  4.5938E-020  4.0922E-020 
  5.7615E+002  5.4250E-020  4.0363E-020 
  5.7644E+002  3.0495E-020  3.9769E-020 
  5.7673E+002  3.9285E-020  3.9144E-020 
  5.7702E+002  2.8212E-020  3.8508E-020 
  5.7731E+002  5.2568E-020  3.7893E-020 
  5.7759E+002  3.3198E-020  3.7327E-020 
  5.7788E+002  3.2886E-020  3.6831E-020 
  5.7817E+002  3.3296E-020  3.6416E-020 
  5.7846E+002  4.6845E-020  3.6081E-020 
  5.7875E+002  2.3038E-020  3.5808E-020 
  5.7904E+002  3.5509E-020  3.5563E-020 
  5.7933E+002  4.3243E-020  3.5304E-020 
  5.7962E+002  3.2651E-020  3.4991E-020 
  5.7991E+002  3.8210E-020  3.4604E-020 
  5.8020E+002  3.1593E-020  3.4153E-020 
  5.8049E+002  3.5262E-020  3.3676E-020 
  5.8078E+002  3.9273E-020  3.3220E-020 
  5.8107E+002  1.5438E-020  3.2819E-020 
  5.8136E+002  4.5668E-020  3.2475E-020 
  5.8165E+002  1.7655E-020  3.2147E-020 
  5.8194E+002  4.1530E-020  3.1768E-020 
  5.8223E+002  3.2356E-020  3.1275E-020 
  5.8252E+002  3.8221E-020  3.0648E-020 
  5.8282E+002  3.2974E-020  2.9929E-020 
  5.8311E+002  2.3844E-020  2.9213E-020 
  5.8340E+002  2.4770E-020  2.8609E-020 
  5.8369E+002  1.3534E-020  2.8202E-020 
  5.8398E+002  4.2146E-020  2.8008E-020 
  5.8427E+002  1.9116E-020  2.7970E-020 
  5.8457E+002  3.4306E-020  2.7978E-020 
  5.8486E+002  1.0682E-020  2.7909E-020 
  5.8515E+002  6.2136E-020  2.7667E-020 
  5.8544E+002  1.8996E-020  2.7210E-020 
  5.8574E+002  2.3841E-020  2.6547E-020 
  5.8603E+002  2.0291E-020  2.5714E-020 
  5.8632E+002  2.2785E-020  2.4752E-020 
  5.8662E+002  3.1076E-020  2.3686E-020 
  5.8691E+002  2.4183E-020  2.2543E-020 
  5.8720E+002  2.2933E-020  2.1362E-020 
  5.8750E+002  2.3896E-020  2.0206E-020 
  5.8779E+002  1.2468E-020  1.9162E-020 
  5.8808E+002  9.2406E-021  1.8319E-020 
  5.8838E+002  1.5421E-020  1.7740E-020 
  5.8867E+002  2.4515E-020  1.7459E-020 
  5.8897E+002  1.5803E-020  1.7472E-020 
  5.8926E+002  1.3251E-020  1.7751E-020 
  5.8955E+002  1.1915E-020  1.8252E-020 
  5.8985E+002  1.9147E-020  1.8921E-020 
  5.9014E+002  2.7895E-020  1.9695E-020 
  5.9044E+002  1.9072E-020  2.0504E-020 
  5.9073E+002  1.5905E-020  2.1279E-020 
  5.9103E+002  1.8718E-020  2.1956E-020 
  5.9133E+002  3.6726E-020  2.2485E-020 
  5.9162E+002  2.0412E-020  2.2843E-020 
  5.9192E+002  2.5043E-020  2.3034E-020 
  5.9221E+002  1.8455E-020  2.3091E-020 
  5.9251E+002  2.9837E-020  2.3064E-020 
  5.9281E+002  1.8722E-020  2.2999E-020 
  5.9310E+002  1.5468E-020  2.2925E-020 
  5.9340E+002  3.6649E-020  2.2845E-020 
  5.9370E+002  1.2327E-020  2.2735E-020 
  5.9399E+002  2.5330E-020  2.2559E-020 
  5.9429E+002  2.6087E-020  2.2283E-020 
  5.9459E+002  1.8410E-020  2.1892E-020 
  5.9488E+002  3.5154E-020  2.1405E-020 
  5.9518E+002  1.1847E-020  2.0869E-020 
  5.9548E+002  1.6236E-020  2.0346E-020 
  5.9578E+002  2.3860E-020  1.9888E-020 
  5.9607E+002  1.6227E-020  1.9518E-020 
  5.9637E+002  1.2943E-020  1.9222E-020 
  5.9667E+002  1.8915E-020  1.8968E-020 
  5.9697E+002  3.2063E-020  1.8728E-020 
  5.9727E+002  2.2904E-020  1.8498E-020 
  5.9757E+002  7.1970E-021  1.8298E-020 
  5.9786E+002  1.1964E-020  1.8153E-020 
  5.9816E+002  1.6473E-020  1.8068E-020 
  5.9846E+002  2.2329E-020  1.8017E-020 
  5.9876E+002  2.4110E-020  1.7955E-020 
  5.9906E+002  1.3957E-020  1.7844E-020 
  5.9936E+002  2.4090E-020  1.7674E-020 
  5.9966E+002  1.5806E-020  1.7466E-020 
  5.9996E+002  1.2212E-020  1.7264E-020 
  6.0026E+002  1.4868E-020  1.7099E-020 
  6.0056E+002  1.7398E-020  1.6976E-020 
  6.0086E+002  1.9193E-020  1.6859E-020 
  6.0116E+002  1.5885E-020  1.6686E-020 
  6.0146E+002  2.0575E-020  1.6386E-020 
  6.0176E+002  1.0830E-020  1.5912E-020 
  6.0206E+002  2.8937E-020  1.5258E-020 
  6.0236E+002  7.2400E-021  1.4474E-020 
  6.0267E+002  2.0305E-020  1.3664E-020 
  6.0297E+002  9.3179E-021  1.2958E-020 
  6.0327E+002  5.6055E-021  1.2478E-020 
  6.0357E+002  4.0473E-021  1.2299E-020 
  6.0387E+002  1.2586E-020  1.2425E-020 
  6.0417E+002  1.1606E-020  1.2791E-020 
  6.0448E+002  1.9834E-020  1.3290E-020 
  6.0478E+002  1.2491E-020  1.3807E-020 
  6.0508E+002  1.1094E-020  1.4258E-020 
  6.0538E+002  2.5128E-020  1.4602E-020 
  6.0569E+002  1.5268E-020  1.4838E-020 
  6.0599E+002  7.8156E-021  1.4980E-020 
  6.0629E+002  1.4009E-020  1.5034E-020 
  6.0659E+002  1.0703E-020  1.4987E-020 
  6.0690E+002  2.4335E-020  1.4813E-020 
  6.0720E+002  2.1416E-020  1.4500E-020 
  6.0750E+002  1.5420E-020  1.4070E-020 
  6.0781E+002  7.9848E-021  1.3580E-020 
  6.0811E+002  6.5662E-021  1.3111E-020 
  6.0842E+002  1.9633E-020  1.2739E-020 
  6.0872E+002  4.0612E-021  1.2524E-020 
  6.0903E+002  9.3042E-021  1.2513E-020 
  6.0933E+002  2.0942E-020  1.2752E-020 
  6.0963E+002  1.8239E-020  1.3297E-020 
  6.0994E+002  3.9321E-021  1.4201E-020 
  6.1024E+002  3.6921E-021  1.5474E-020 
  6.1055E+002  1.2110E-020  1.7051E-020 
  6.1085E+002  1.7359E-020  1.8776E-020 
  6.1116E+002  2.6954E-020  2.0463E-020 
  6.1147E+002  2.7124E-020  2.1967E-020 
  6.1177E+002  4.6967E-020  2.3277E-020 
  6.1208E+002  2.5551E-020  2.4531E-020 
  6.1238E+002  1.3006E-020  2.5951E-020 
  6.1269E+002  7.8362E-021  2.7713E-020 
  6.1300E+002  8.0055E-021  2.9815E-020 
  6.1330E+002  2.3607E-020  3.2033E-020 
  6.1361E+002  6.3763E-020  3.3988E-020 
  6.1392E+002  6.7904E-020  3.5300E-020 
  6.1422E+002  5.9066E-020  3.5737E-020 
  6.1453E+002  1.3046E-020  3.5291E-020 
  6.1484E+002  1.9690E-020  3.4147E-020 
  6.1514E+002  4.1513E-020  3.2583E-020 
  6.1545E+002  1.8891E-020  3.0879E-020 
  6.1576E+002  6.3320E-020  2.9252E-020 
  6.1607E+002  1.0738E-020  2.7848E-020 
  6.1638E+002  6.3262E-021  2.6748E-020 
  6.1668E+002  3.1148E-020  2.5984E-020 
  6.1699E+002  8.6277E-021  2.5550E-020 
  6.1730E+002  5.8843E-020  2.5416E-020 
  6.1761E+002  1.7220E-020  2.5535E-020 
  6.1792E+002  2.0547E-020  2.5833E-020 
  6.1823E+002  6.0576E-021  2.6188E-020 
  6.1854E+002  2.0754E-020  2.6423E-020 
  6.1885E+002  5.1968E-020  2.6332E-020 
  6.1915E+002  3.9833E-020  2.5749E-020 
  6.1946E+002  2.7639E-020  2.4613E-020 
  6.1977E+002  3.6564E-020  2.3005E-020 
  6.2008E+002  3.7188E-021  2.1113E-020 
  6.2039E+002  5.8599E-021  1.9160E-020 
  6.2070E+002  1.3503E-020  1.7312E-020 
  6.2101E+002  3.0414E-020  1.5648E-020 
  6.2133E+002  9.7169E-021  1.4164E-020 
  6.2164E+002  6.4816E-021  1.2825E-020 
  6.2195E+002  2.4193E-020  1.1622E-020 
  6.2226E+002  6.3077E-021  1.0599E-020 
  6.2257E+002  4.1423E-021  9.8522E-021 
  6.2288E+002  5.3791E-021  9.4936E-021 
  6.2319E+002  4.3647E-021  9.6145E-021 
  6.2350E+002  3.1914E-021  1.0254E-020 
  6.2381E+002  1.0301E-020  1.1386E-020 
  6.2413E+002  1.6308E-020  1.2931E-020 
  6.2444E+002  8.3885E-021  1.4766E-020 
  6.2475E+002  2.3371E-020  1.6748E-020 
  6.2506E+002  1.3400E-020  1.8716E-020 
  6.2538E+002  1.0301E-020  2.0510E-020 
  6.2569E+002  5.1393E-020  2.1975E-020 
  6.2600E+002  1.9201E-020  2.2986E-020 
  6.2631E+002  1.4073E-020  2.3452E-020 
  6.2663E+002  3.8604E-020  2.3346E-020 
  6.2694E+002  2.8448E-020  2.2702E-020 
  6.2725E+002  1.8090E-020  2.1625E-020 
  6.2757E+002  3.4608E-020  2.0271E-020 
  6.2788E+002  4.8442E-021  1.8824E-020 
  6.2820E+002  1.2093E-020  1.7456E-020 
  6.2851E+002  9.2563E-021  1.6303E-020 
  6.2882E+002  3.1461E-020  1.5442E-020 
  6.2914E+002  4.2403E-021  1.4885E-020 
  6.2945E+002  5.3739E-021  1.4590E-020 
  6.2977E+002  1.6417E-020  1.4479E-020 
  6.3008E+002  1.9523E-020  1.4463E-020 
  6.3040E+002  1.2729E-020  1.4464E-020 
  6.3071E+002  2.3074E-020  1.4443E-020 
  6.3103E+002  1.3315E-020  1.4399E-020 
  6.3134E+002  1.0324E-020  1.4359E-020 
  6.3166E+002  1.9235E-021  1.4356E-020 
  6.3198E+002  2.8707E-020  1.4401E-020 
  6.3229E+002  4.4875E-021  1.4484E-020 
  6.3261E+002  2.4098E-020  1.4573E-020 
  6.3292E+002  1.3299E-020  1.4638E-020 
  6.3324E+002  1.3183E-020  1.4658E-020 
  6.3356E+002  1.4419E-020  1.4629E-020 
  6.3387E+002  1.2491E-020  1.4565E-020 
  6.3419E+002  1.9046E-020  1.4492E-020 
  6.3451E+002  1.0980E-020  1.4451E-020 
  6.3482E+002  2.5232E-020  1.4491E-020 
  6.3514E+002  1.2737E-021  1.4660E-020 
  6.3546E+002  9.4992E-021  1.4999E-020 
  6.3578E+002  1.1654E-020  1.5540E-020 
  6.3610E+002  3.6823E-020  1.6314E-020 
  6.3641E+002  2.9801E-021  1.7368E-020 
  6.3673E+002  1.5922E-020  1.8770E-020 
  6.3705E+002  2.1034E-020  2.0588E-020 
  6.3737E+002  1.4621E-020  2.2862E-020 
  6.3769E+002  2.1949E-020  2.5547E-020 
  6.3801E+002  2.7543E-020  2.8492E-020 
  6.3833E+002  2.1160E-020  3.1451E-020 
  6.3864E+002  2.0030E-020  3.4129E-020 
  6.3896E+002  1.0844E-019  3.6262E-020 
  6.3928E+002  2.6723E-020  3.7672E-020 
  6.3960E+002  2.1169E-020  3.8289E-020 
  6.3992E+002  2.4294E-020  3.8126E-020 
  6.4024E+002  6.1070E-020  3.7237E-020 
  6.4056E+002  5.7455E-020  3.5693E-020 
  6.4088E+002  2.3447E-020  3.3587E-020 
  6.4120E+002  2.2988E-020  3.1056E-020 
  6.4152E+002  3.5195E-020  2.8302E-020 
  6.4184E+002  4.3802E-020  2.5589E-020 
  6.4217E+002  4.2791E-021  2.3206E-020 
  6.4249E+002  4.9499E-021  2.1417E-020 
  6.4281E+002  1.5608E-020  2.0402E-020 
  6.4313E+002  1.4401E-020  2.0220E-020 
  6.4345E+002  1.9961E-020  2.0800E-020 
  6.4377E+002  2.0959E-020  2.1960E-020 
  6.4409E+002  1.7784E-020  2.3443E-020 
  6.4442E+002  2.6543E-020  2.4966E-020 
  6.4474E+002  3.4289E-020  2.6264E-020 
  6.4506E+002  3.8898E-020  2.7129E-020 
  6.4538E+002  1.6559E-020  2.7448E-020 
  6.4571E+002  5.0572E-020  2.7213E-020 
  6.4603E+002  2.0271E-020  2.6523E-020 
  6.4635E+002  3.3259E-020  2.5551E-020 
  6.4668E+002  6.9772E-021  2.4501E-020 
  6.4700E+002  2.7283E-020  2.3558E-020 
  6.4732E+002  2.0312E-020  2.2843E-020 
  6.4765E+002  2.4750E-020  2.2389E-020 
  6.4797E+002  1.1823E-020  2.2142E-020 
  6.4829E+002  1.6419E-020  2.1983E-020 
  6.4862E+002  3.3534E-020  2.1775E-020 
  6.4894E+002  3.3353E-020  2.1417E-020 
  6.4927E+002  2.2035E-020  2.0887E-020 
  6.4959E+002  7.3546E-021  2.0263E-020 
  6.4992E+002  2.7242E-020  1.9717E-020 
  6.5024E+002  2.1728E-020  1.9470E-020 
  6.5057E+002  1.0798E-020  1.9725E-020 
  6.5089E+002  1.2172E-021  2.0606E-020 
  6.5122E+002  1.7318E-020  2.2110E-020 
  6.5154E+002  2.2223E-020  2.4094E-020 
  6.5187E+002  4.3551E-020  2.6311E-020 
  6.5219E+002  1.0637E-020  2.8481E-020 
  6.5252E+002  4.5256E-020  3.0359E-020 
  6.5285E+002  4.6501E-020  3.1800E-020 
  6.5317E+002  4.7456E-020  3.2771E-020 
  6.5350E+002  1.2074E-021  3.3328E-020 
  6.5383E+002  4.5788E-020  3.3557E-020 
  6.5415E+002  3.2490E-020  3.3537E-020 
  6.5448E+002  3.7541E-020  3.3307E-020 
  6.5481E+002  3.8662E-020  3.2888E-020 
  6.5513E+002  2.5346E-020  3.2305E-020 
  6.5546E+002  4.4571E-020  3.1612E-020 
  6.5579E+002  2.3596E-020  3.0898E-020 
  6.5612E+002  3.0319E-020  3.0254E-020 
  6.5645E+002  2.4906E-020  2.9747E-020 
  6.5677E+002  1.5218E-020  2.9389E-020 
  6.5710E+002  3.6486E-020  2.9140E-020 
  6.5743E+002  4.4010E-020  2.8924E-020 
  6.5776E+002  2.4489E-020  2.8668E-020 
  6.5809E+002  2.8084E-020  2.8325E-020 
  6.5842E+002  1.7940E-020  2.7882E-020 
  6.5875E+002  3.0115E-020  2.7368E-020 
  6.5908E+002  3.9654E-020  2.6841E-020 
  6.5941E+002  3.0648E-020  2.6379E-020 
  6.5974E+002  1.0111E-020  2.6055E-020 
  6.6007E+002  1.4302E-020  2.5908E-020 
  6.6040E+002  3.7073E-020  2.5914E-020 
  6.6073E+002  2.3622E-020  2.5979E-020 
  6.6106E+002  2.3710E-020  2.5966E-020 
  6.6139E+002  2.4594E-020  2.5743E-020 
  6.6172E+002  5.1992E-020  2.5235E-020 
  6.6205E+002  2.2980E-020  2.4461E-020 
  6.6238E+002  9.8143E-021  2.3516E-020 
  6.6271E+002  2.3548E-020  2.2534E-020 
  6.6304E+002  1.9694E-020  2.1631E-020 
  6.6337E+002  1.2057E-020  2.0870E-020 
  6.6371E+002  1.9932E-020  2.0262E-020 
  6.6404E+002  3.4970E-020  1.9790E-020 
  6.6437E+002  2.5333E-020  1.9438E-020 
  6.6470E+002  1.9108E-021  1.9207E-020 
  6.6503E+002  8.6661E-021  1.9106E-020 
  6.6537E+002  2.3606E-020  1.9143E-020 
  6.6570E+002  2.9359E-020  1.9313E-020 
  6.6603E+002  2.8478E-020  1.9599E-020 
  6.6636E+002  3.3703E-021  1.9963E-020 
  6.6670E+002  1.8060E-020  2.0345E-020 
  6.6703E+002  5.8746E-021  2.0655E-020 
  6.6736E+002  4.8029E-020  2.0795E-020 
  6.6770E+002  2.7728E-020  2.0681E-020 
  6.6803E+002  2.0471E-020  2.0282E-020 
  6.6837E+002  1.0582E-020  1.9629E-020 
  6.6870E+002  1.8352E-020  1.8802E-020 
  6.6903E+002  2.0078E-020  1.7910E-020 
  6.6937E+002  2.2943E-020  1.7058E-020 
  6.6970E+002  8.7903E-021  1.6342E-020 
  6.7004E+002  1.1344E-020  1.5845E-020 
  6.7037E+002  1.8568E-020  1.5642E-020 
  6.7071E+002  1.3079E-020  1.5797E-020 
  6.7104E+002  1.4967E-020  1.6341E-020 
  6.7138E+002  1.1517E-020  1.7260E-020 
  6.7172E+002  6.4137E-021  1.8473E-020 
  6.7205E+002  2.1164E-020  1.9837E-020 
  6.7239E+002  3.5652E-020  2.1173E-020 
  6.7272E+002  2.4887E-020  2.2307E-020 
  6.7306E+002  1.8324E-020  2.3116E-020 
  6.7340E+002  3.8883E-020  2.3553E-020 
  6.7373E+002  1.8370E-020  2.3655E-020 
  6.7407E+002  1.6154E-020  2.3526E-020 
  6.7441E+002  3.7244E-020  2.3312E-020 
  6.7474E+002  2.3474E-020  2.3157E-020 
  6.7508E+002  9.6468E-021  2.3173E-020 
  6.7542E+002  9.1484E-021  2.3416E-020 
  6.7576E+002  3.1762E-020  2.3888E-020 
  6.7609E+002  3.6703E-020  2.4558E-020 
  6.7643E+002  2.2975E-020  2.5390E-020 
  6.7677E+002  2.0821E-020  2.6366E-020 
  6.7711E+002  2.3885E-020  2.7483E-020 
  6.7745E+002  2.7009E-020  2.8725E-020 
  6.7779E+002  3.2364E-020  3.0046E-020 
  6.7813E+002  2.3917E-020  3.1353E-020 
  6.7846E+002  3.5925E-020  3.2531E-020 
  6.7880E+002  4.6273E-020  3.3469E-020 
  6.7914E+002  4.3653E-020  3.4093E-020 
  6.7948E+002  2.5725E-020  3.4381E-020 
  6.7982E+002  3.0339E-020  3.4361E-020 
  6.8016E+002  2.6709E-020  3.4099E-020 
  6.8050E+002  6.4392E-020  3.3688E-020 
  6.8084E+002  2.1501E-020  3.3231E-020 
  6.8118E+002  3.0678E-020  3.2816E-020 
  6.8152E+002  2.0414E-020  3.2486E-020 
  6.8186E+002  1.8934E-020  3.2207E-020 
  6.8221E+002  6.1576E-020  3.1877E-020 
  6.8255E+002  1.3634E-020  3.1348E-020 
  6.8289E+002  5.0691E-020  3.0496E-020 
  6.8323E+002  3.2610E-020  2.9277E-020 
  6.8357E+002  2.4536E-020  2.7759E-020 
  6.8391E+002  2.5841E-020  2.6114E-020 
  6.8425E+002  3.2994E-020  2.4576E-020 
  6.8460E+002  7.2511E-021  2.3373E-020 
  6.8494E+002  4.8573E-021  2.2668E-020 
  6.8528E+002  2.6254E-020  2.2526E-020 
  6.8562E+002  2.4618E-020  2.2917E-020 
  6.8597E+002  3.3881E-020  2.3743E-020 
  6.8631E+002  3.5682E-023  2.4871E-020 
  6.8665E+002  4.3907E-020  2.6163E-020 
  6.8700E+002  1.6325E-020  2.7486E-020 
  6.8734E+002  4.0176E-020  2.8715E-020 
  6.8768E+002  3.0501E-020  2.9733E-020 
  6.8803E+002  2.6006E-020  3.0438E-020 
  6.8837E+002  2.5020E-020  3.0764E-020 
  6.8872E+002  5.6782E-020  3.0705E-020 
  6.8906E+002  3.9662E-020  3.0323E-020 
  6.8940E+002  1.5532E-020  2.9736E-020 
  6.8975E+002  1.5934E-020  2.9088E-020 
  6.9009E+002  2.5904E-020  2.8502E-020 
  6.9044E+002  4.4717E-020  2.8063E-020 
  6.9078E+002  1.0740E-020  2.7806E-020 
  6.9113E+002  5.5569E-020  2.7732E-020 
  6.9148E+002  8.9031E-022  2.7805E-020 
  6.9182E+002  1.2659E-020  2.7965E-020 
  6.9217E+002  4.9625E-020  2.8127E-020 
  6.9251E+002  3.6983E-020  2.8196E-020 
  6.9286E+002  2.4564E-020  2.8088E-020 
  6.9321E+002  2.3829E-020  2.7751E-020 
  6.9355E+002  3.3582E-020  2.7173E-020 
  6.9390E+002  2.1436E-020  2.6379E-020 
  6.9425E+002  2.8051E-020  2.5427E-020 
  6.9459E+002  3.9008E-020  2.4400E-020 
  6.9494E+002  6.6907E-021  2.3396E-020 
  6.9529E+002  2.7356E-020  2.2502E-020 
  6.9564E+002  1.5709E-020  2.1770E-020 
  6.9598E+002  2.0495E-020  2.1196E-020 
  6.9633E+002  8.0766E-021  2.0728E-020 
  6.9668E+002  2.8702E-020  2.0294E-020 
  6.9703E+002  3.9263E-020  1.9852E-020 
  6.9738E+002  1.9593E-020  1.9411E-020 
  6.9773E+002  1.0401E-020  1.9024E-020 
  6.9807E+002  5.0621E-021  1.8734E-020 
  6.9842E+002  8.8477E-021  1.8536E-020 
  6.9877E+002  1.6478E-020  1.8361E-020 
  6.9912E+002  5.4277E-020  1.8114E-020 
  6.9947E+002  1.4829E-020  1.7739E-020 
  6.9982E+002  1.0265E-020  1.7256E-020 
  7.0017E+002  1.3545E-020  1.6747E-020 
  7.0052E+002  9.6946E-021  1.6307E-020 
  7.0087E+002  1.0626E-020  1.5978E-020 
  7.0122E+002  9.2438E-021  1.5729E-020 
  7.0157E+002  3.0618E-020  1.5476E-020 
  7.0192E+002  3.0276E-020  1.5137E-020 
  7.0227E+002  4.9265E-022  1.4689E-020 
  7.0263E+002  2.1835E-020  1.4184E-020 
  7.0298E+002  4.5718E-021  1.3730E-020 
  7.0333E+002  7.1073E-021  1.3441E-020 
  7.0368E+002  2.1189E-020  1.3397E-020 
  7.0403E+002  3.8424E-021  1.3609E-020 
  7.0438E+002  1.3157E-020  1.4023E-020 
  7.0474E+002  1.4228E-020  1.4532E-020 
  7.0509E+002  2.1712E-020  1.5009E-020 
  7.0544E+002  1.2581E-020  1.5340E-020 
  7.0579E+002  2.7461E-020  1.5452E-020 
  7.0615E+002  3.8963E-021  1.5326E-020 
  7.0650E+002  2.9114E-020  1.5003E-020 
  7.0685E+002  1.0555E-020  1.4565E-020 
  7.0721E+002  1.0099E-020  1.4106E-020 
  7.0756E+002  1.3069E-020  1.3703E-020 
  7.0791E+002  8.6724E-021  1.3387E-020 
  7.0827E+002  1.0864E-020  1.3139E-020 
  7.0862E+002  2.0561E-020  1.2895E-020 
  7.0898E+002  1.0077E-020  1.2581E-020 
  7.0933E+002  1.9221E-020  1.2138E-020 
  7.0968E+002  9.9321E-021  1.1546E-020 
  7.1004E+002  8.5701E-021  1.0840E-020 
  7.1039E+002  1.8507E-020  1.0092E-020 
  7.1075E+002  3.6863E-021  9.4025E-021 
  7.1111E+002  1.6413E-021  8.8690E-021 
  7.1146E+002  7.5194E-021  8.5647E-021 
  7.1182E+002  1.1559E-020  8.5231E-021 
  7.1217E+002  6.3506E-021  8.7320E-021 
  7.1253E+002  9.1374E-022  9.1408E-021 
  7.1288E+002  1.2714E-020  9.6785E-021 
  7.1324E+002  7.5518E-021  1.0277E-020 
  7.1360E+002  2.8668E-020  1.0889E-020 
  7.1395E+002  5.4598E-021  1.1493E-020 
  7.1431E+002  9.0256E-022  1.2074E-020 
  7.1467E+002  1.5428E-020  1.2602E-020 
  7.1503E+002  1.1637E-020  1.3008E-020 
  7.1538E+002  1.1951E-020  1.3201E-020 
  7.1574E+002  2.6947E-020  1.3097E-020 
  7.1610E+002  2.5603E-020  1.2664E-020 
  7.1646E+002  4.4565E-021  1.1947E-020 
  7.1682E+002  4.2008E-021  1.1058E-020 
  7.1717E+002  1.5001E-020  1.0143E-020 
  7.1753E+002  3.3297E-021  9.3366E-021 
  7.1789E+002  4.7775E-021  8.7241E-021 
  7.1825E+002  9.3079E-021  8.3326E-021 
  7.1861E+002  7.5951E-021  8.1398E-021 
  7.1897E+002  1.0332E-020  8.0939E-021 
  7.1933E+002  2.9201E-021  8.1362E-021 
  7.1969E+002  1.0154E-020  8.2192E-021 
  7.2005E+002  1.1941E-020  8.3170E-021 
  7.2041E+002  8.4311E-021  8.4296E-021 
  7.2077E+002  5.6711E-021  8.5787E-021 
  7.2113E+002  9.8384E-021  8.7974E-021 
  7.2149E+002  5.6746E-021  9.1138E-021 
  7.2185E+002  1.1062E-020  9.5351E-021 
  7.2221E+002  5.0188E-021  1.0039E-020 
  7.2257E+002  1.0645E-020  1.0573E-020 
  7.2293E+002  1.3963E-020  1.1073E-020 
  7.2329E+002  1.6952E-020  1.1474E-020 
  7.2366E+002  9.6657E-021  1.1736E-020 
  7.2402E+002  1.7256E-020  1.1839E-020 
  7.2438E+002  7.4628E-021  1.1782E-020 
  7.2474E+002  1.1045E-020  1.1565E-020 
  7.2510E+002  1.0124E-020  1.1187E-020 
  7.2547E+002  1.6294E-020  1.0642E-020 
  7.2583E+002  1.4762E-020  9.9369E-021 
  7.2619E+002  8.8828E-021  9.1003E-021 
  7.2656E+002  5.6587E-021  8.1875E-021 
  7.2692E+002  7.1835E-021  7.2704E-021 
  7.2728E+002  2.8451E-021  6.4198E-021 
  7.2765E+002  6.0505E-021  5.6897E-021 
  7.2801E+002  3.9999E-021  5.1081E-021 
  7.2837E+002  3.7150E-021  4.6776E-021 
  7.2874E+002  3.9448E-021  4.3824E-021 
  7.2910E+002  3.0694E-021  4.1960E-021 
  7.2947E+002  4.6308E-021  4.0892E-021 
  7.2983E+002  3.1036E-021  4.0360E-021 
  7.3020E+002  4.7632E-021  4.0174E-021 
  7.3056E+002  5.4008E-021  4.0233E-021 
  7.3093E+002  2.7502E-021  4.0514E-021 
  7.3129E+002  2.9825E-021  4.1041E-021 
  7.3166E+002  4.7948E-021  4.1827E-021 
  7.3202E+002  3.3508E-021  4.2848E-021 
  7.3239E+002  4.5851E-021  4.4034E-021 
  7.3276E+002  4.0249E-021  4.5295E-021 
  7.3312E+002  7.0017E-021  4.6565E-021 
  7.3349E+002  4.4831E-021  4.7828E-021 
  7.3386E+002  4.2477E-021  4.9108E-021 
  7.3422E+002  4.0652E-021  5.0433E-021 
  7.3459E+002  3.4122E-021  5.1806E-021 
  7.3496E+002  8.2328E-021  5.3190E-021 
  7.3532E+002  5.7548E-021  5.4541E-021 
  7.3569E+002  4.6285E-021  5.5852E-021 
  7.3606E+002  6.3682E-021  5.7174E-021 
  7.3643E+002  6.0236E-021  5.8611E-021 
  7.3680E+002  5.4240E-021  6.0266E-021 
  7.3716E+002  4.2142E-021  6.2188E-021 
  7.3753E+002  6.0977E-021  6.4347E-021 
  7.3790E+002  7.6269E-021  6.6635E-021 
  7.3827E+002  9.5932E-021  6.8916E-021 
  7.3864E+002  6.0758E-021  7.1057E-021 
  7.3901E+002  5.4820E-021  7.2957E-021 
  7.3938E+002  7.7767E-021  7.4545E-021 
  7.3975E+002  8.5881E-021  7.5786E-021 
  7.4012E+002  9.6554E-021  7.6683E-021 
  7.4049E+002  6.9363E-021  7.7291E-021 
  7.4086E+002  7.9609E-021  7.7708E-021 
  7.4123E+002  6.7841E-021  7.8055E-021 
  7.4160E+002  7.0824E-021  7.8446E-021 
  7.4197E+002  8.8286E-021  7.8973E-021 
  7.4234E+002  7.2322E-021  7.9715E-021 
  7.4271E+002  9.9682E-021  8.0751E-021 
  7.4308E+002  7.5869E-021  8.2163E-021 
  7.4346E+002  6.2484E-021  8.4008E-021 
  7.4383E+002  6.8234E-021  8.6286E-021 
  7.4420E+002  1.0653E-020  8.8924E-021 
  7.4457E+002  8.9739E-021  9.1797E-021 
  7.4494E+002  1.0530E-020  9.4787E-021 
  7.4532E+002  1.0048E-020  9.7829E-021 
  7.4569E+002  1.0450E-020  1.0093E-020 
  7.4606E+002  7.8529E-021  1.0414E-020 
  7.4643E+002  1.0910E-020  1.0754E-020 
  7.4681E+002  1.1179E-020  1.1125E-020 
  7.4718E+002  1.2311E-020  1.1540E-020 
  7.4756E+002  1.3768E-020  1.2021E-020 
  7.4793E+002  1.0160E-020  1.2595E-020 
  7.4830E+002  1.0754E-020  1.3285E-020 
  7.4868E+002  1.3529E-020  1.4099E-020 
  7.4905E+002  1.1184E-020  1.5022E-020 
  7.4943E+002  1.8300E-020  1.6010E-020 
  7.4980E+002  1.8284E-020  1.7000E-020 
  7.5018E+002  2.0740E-020  1.7920E-020 
  7.5055E+002  1.3950E-020  1.8713E-020 
  7.5093E+002  2.6166E-020  1.9358E-020 
  7.5130E+002  2.1368E-020  1.9884E-020 
  7.5168E+002  2.3093E-020  2.0374E-020 
  7.5205E+002  1.9026E-020  2.0955E-020 
  7.5243E+002  1.7769E-020  2.1751E-020 
  7.5281E+002  1.6043E-020  2.2846E-020 
  7.5318E+002  1.7160E-020  2.4236E-020 
  7.5356E+002  2.3363E-020  2.5830E-020 
  7.5393E+002  1.7345E-020  2.7482E-020 
  7.5431E+002  7.2550E-020  2.9053E-020 
  7.5469E+002  1.6925E-020  3.0467E-020 
  7.5507E+002  2.6779E-020  3.1735E-020 
  7.5544E+002  3.3449E-020  3.2936E-020 
  7.5582E+002  2.2330E-020  3.4163E-020 
  7.5620E+002  3.8925E-020  3.5480E-020 
  7.5658E+002  4.4248E-020  3.6905E-020 
  7.5696E+002  4.0138E-020  3.8421E-020 
  7.5733E+002  1.9934E-020  4.0017E-020 
  7.5771E+002  5.1993E-020  4.1728E-020 
  7.5809E+002  7.1015E-020  4.3647E-020 
  7.5847E+002  2.5811E-020  4.5900E-020 
  7.5885E+002  3.0540E-020  4.8593E-020 
  7.5923E+002  1.9545E-020  5.1745E-020 
  7.5961E+002  1.0829E-019  5.5267E-020 
  7.5999E+002  3.6351E-020  5.8985E-020 
  7.6037E+002  2.7773E-020  6.2714E-020 
  7.6075E+002  1.4051E-019  6.6332E-020 
  7.6113E+002  7.2177E-020  6.9801E-020 
  7.6151E+002  1.8113E-020  7.3116E-020 
  7.6189E+002  1.0834E-019  7.6215E-020 
  7.6227E+002  2.4937E-020  7.8908E-020 
  7.6265E+002  9.5175E-020  8.0928E-020 
  7.6303E+002  1.6893E-019  8.2069E-020 
  7.6342E+002  6.2088E-020  8.2381E-020 
  7.6380E+002  1.2100E-019  8.2271E-020 
  7.6418E+002  3.4960E-020  8.2454E-020 
  7.6456E+002  6.0694E-020  8.3746E-020 
  7.6494E+002  3.8080E-020  8.6804E-020 
  7.6533E+002  1.0115E-019  9.1928E-020 
  7.6571E+002  6.8111E-020  9.8995E-020 
  7.6609E+002  1.4033E-019  1.0754E-019 
  7.6647E+002  1.2633E-019  1.1691E-019 
  7.6686E+002  4.7313E-020  1.2639E-019 
  7.6724E+002  2.2954E-019  1.3539E-019 
  7.6763E+002  1.5758E-019  1.4346E-019 
  7.6801E+002  5.7386E-020  1.5039E-019 
  7.6839E+002  3.0375E-019  1.5613E-019 
  7.6878E+002  1.5977E-019  1.6074E-019 
  7.6916E+002  3.2118E-020  1.6423E-019 
  7.6955E+002  1.6032E-019  1.6655E-019 
  7.6993E+002  3.3846E-019  1.6756E-019 
  7.7032E+002  1.4324E-019  1.6722E-019 
  7.7070E+002  1.1641E-019  1.6574E-019 
  7.7109E+002  1.2249E-019  1.6373E-019 
  7.7147E+002  3.2685E-019  1.6219E-019 
  7.7186E+002  9.8473E-020  1.6223E-019 
  7.7224E+002  5.0825E-020  1.6468E-019 
  7.7263E+002  1.1983E-019  1.6966E-019 
  7.7302E+002  5.5903E-020  1.7634E-019 
  7.7340E+002  3.5312E-019  1.8311E-019 
  7.7379E+002  2.5261E-019  1.8798E-019 
  7.7418E+002  2.2857E-019  1.8918E-019 
  7.7456E+002  2.0978E-019  1.8568E-019 
  7.7495E+002  1.6434E-019  1.7735E-019 
  7.7534E+002  2.2909E-019  1.6499E-019 
  7.7573E+002  1.9290E-019  1.5006E-019 
  7.7611E+002  9.2707E-020  1.3436E-019 
  7.7650E+002  8.4579E-020  1.1972E-019 
  7.7689E+002  6.3570E-020  1.0764E-019 
  7.7728E+002  4.6660E-020  9.9123E-020 
  7.7767E+002  7.1020E-020  9.4550E-020 
  7.7806E+002  9.6169E-020  9.3798E-020 
  7.7844E+002  1.0768E-019  9.6384E-020 
  7.7883E+002  5.4052E-020  1.0167E-019 
  7.7922E+002  1.0500E-019  1.0900E-019 
  7.7961E+002  1.0361E-019  1.1777E-019 
  7.8000E+002  1.3699E-019  1.2737E-019 
  7.8039E+002  2.1324E-019  1.3711E-019 
  7.8078E+002  4.9773E-020  1.4613E-019 
  7.8117E+002  1.3205E-019  1.5338E-019 
  7.8156E+002  1.7856E-019  1.5773E-019 
  7.8195E+002  3.7378E-019  1.5829E-019 
  7.8235E+002  6.8972E-020  1.5475E-019 
  7.8274E+002  2.4667E-019  1.4766E-019 
  7.8313E+002  1.1505E-019  1.3843E-019 
  7.8352E+002  1.0271E-019  1.2909E-019 
  7.8391E+002  7.9540E-020  1.2176E-019 
  7.8430E+002  8.9994E-020  1.1811E-019 
  7.8470E+002  3.4112E-020  1.1886E-019 
  7.8509E+002  3.3278E-020  1.2353E-019 
  7.8548E+002  1.5481E-019  1.3063E-019 
  7.8587E+002  1.7834E-019  1.3810E-019 
  7.8627E+002  2.6828E-019  1.4396E-019 
  7.8666E+002  1.8090E-019  1.4691E-019 
  7.8705E+002  1.0433E-019  1.4665E-019 
  7.8745E+002  1.9309E-019  1.4393E-019 
  7.8784E+002  1.1636E-019  1.4033E-019 
  7.8823E+002  1.5548E-019  1.3778E-019 
  7.8863E+002  3.8558E-020  1.3803E-019 
  7.8902E+002  1.6830E-019  1.4219E-019 
  7.8942E+002  3.3543E-020  1.5027E-019 
  7.8981E+002  1.1551E-019  1.6109E-019 
  7.9021E+002  6.4622E-020  1.7252E-019 
  7.9060E+002  4.0896E-019  1.8211E-019 
  7.9100E+002  4.1126E-019  1.8792E-019 
  7.9139E+002  7.3131E-020  1.8901E-019 
  7.9179E+002  2.7984E-019  1.8563E-019 
  7.9218E+002  3.3001E-020  1.7888E-019 
  7.9258E+002  1.2304E-019  1.7021E-019 
  7.9298E+002  2.9639E-019  1.6109E-019 
  7.9337E+002  1.8483E-019  1.5284E-019 
  7.9377E+002  8.4863E-020  1.4670E-019 
  7.9417E+002  8.2179E-020  1.4381E-019 
  7.9456E+002  1.2324E-019  1.4504E-019 
  7.9496E+002  4.7140E-020  1.5073E-019 
  7.9536E+002  1.3690E-019  1.6043E-019 
  7.9576E+002  2.7151E-019  1.7302E-019 
  7.9615E+002  1.9536E-020  1.8697E-019 
  7.9655E+002  2.8224E-019  2.0093E-019 
  7.9695E+002  4.4145E-019  2.1409E-019 
  7.9735E+002  1.8505E-019  2.2633E-019 
  7.9775E+002  1.3514E-019  2.3786E-019 
  7.9815E+002  1.2607E-019  2.4871E-019 
  7.9855E+002  1.7696E-019  2.5841E-019 
  7.9894E+002  4.7652E-019  2.6597E-019 
  7.9934E+002  4.3716E-019  2.7036E-019 
  7.9974E+002  3.3292E-019  2.7107E-019 
  8.0014E+002  4.0070E-020  2.6852E-019 
  8.0054E+002  2.6684E-019  2.6406E-019 
  8.0094E+002  5.1523E-019  2.5968E-019 
  8.0134E+002  5.8667E-020  2.5755E-019 
  8.0175E+002  1.6228E-019  2.5943E-019 
  8.0215E+002  3.3309E-019  2.6618E-019 
  8.0255E+002  1.2166E-019  2.7743E-019 
  8.0295E+002  2.4247E-019  2.9148E-019 
  8.0335E+002  2.3937E-019  3.0572E-019 
  8.0375E+002  6.1013E-019  3.1740E-019 
  8.0415E+002  4.3771E-019  3.2440E-019 
  8.0456E+002  3.1593E-019  3.2580E-019 
  8.0496E+002  3.0824E-019  3.2178E-019 
  8.0536E+002  3.7453E-019  3.1313E-019 
  8.0576E+002  3.4601E-021  3.0060E-019 
  8.0617E+002  3.7273E-019  2.8471E-019 
  8.0657E+002  6.2161E-019  2.6596E-019 
  8.0697E+002  3.0922E-019  2.4529E-019 
  8.0738E+002  1.3651E-020  2.2441E-019 
  8.0778E+002  3.8356E-020  2.0561E-019 
  8.0818E+002  3.2129E-019  1.9119E-019 
  8.0859E+002  9.2424E-020  1.8280E-019 
  8.0899E+002  1.9301E-020  1.8104E-019 
  8.0940E+002  2.2358E-019  1.8542E-019 
  8.0980E+002  1.8849E-020  1.9482E-019 
  8.1021E+002  6.4122E-019  2.0790E-019 
  8.1061E+002  6.6987E-021  2.2345E-019 
  8.1102E+002  6.8580E-021  2.4051E-019 
  8.1142E+002  4.0613E-019  2.5819E-019 
  8.1183E+002  3.6630E-019  2.7562E-019 
  8.1223E+002  1.8012E-019  2.9182E-019 
  8.1264E+002  5.3062E-019  3.0578E-019 
  8.1305E+002  4.3759E-020  3.1654E-019 
  8.1345E+002  6.4059E-019  3.2324E-019 
  8.1386E+002  1.8645E-019  3.2529E-019 
  8.1427E+002  2.1337E-019  3.2258E-019 
  8.1467E+002  6.8002E-019  3.1579E-019 
  8.1508E+002  3.4137E-019  3.0639E-019 
  8.1549E+002  1.9942E-019  2.9642E-019 
  8.1590E+002  1.3913E-019  2.8768E-019 
  8.1630E+002  1.1740E-019  2.8112E-019 
  8.1671E+002  2.3945E-019  2.7638E-019 
  8.1712E+002  3.8024E-019  2.7225E-019 
  8.1753E+002  6.5962E-019  2.6748E-019 
  8.1794E+002  1.1042E-019  2.6167E-019 
  8.1835E+002  8.0242E-020  2.5564E-019 
  8.1876E+002  3.2296E-019  2.5096E-019 
  8.1916E+002  2.5715E-019  2.4914E-019 
  8.1957E+002  3.1243E-020  2.5064E-019 
  8.1998E+002  8.1503E-020  2.5455E-019 
  8.2039E+002  6.6674E-019  2.5875E-019 
  8.2080E+002  1.5072E-019  2.6068E-019 
  8.2121E+002  3.5515E-019  2.5820E-019 
  8.2163E+002  3.5793E-019  2.5021E-019 
  8.2204E+002  1.2780E-019  2.3703E-019 
  8.2245E+002  3.2286E-019  2.2023E-019 
  8.2286E+002  2.4401E-019  2.0242E-019 
  8.2327E+002  6.3581E-020  1.8679E-019 
  8.2368E+002  2.0952E-019  1.7651E-019 
  8.2409E+002  3.6203E-020  1.7413E-019 
  8.2451E+002  2.8861E-020  1.8081E-019 
  8.2492E+002  1.3348E-019  1.9589E-019 
  8.2533E+002  1.3551E-019  2.1673E-019 
  8.2574E+002  2.3490E-019  2.3935E-019 
  8.2616E+002  5.4435E-019  2.5938E-019 
  8.2657E+002  1.3880E-019  2.7335E-019 
  8.2698E+002  7.6184E-019  2.7964E-019 
  8.2740E+002  1.3599E-019  2.7877E-019 
  8.2781E+002  6.7151E-020  2.7300E-019 
  8.2822E+002  4.7187E-019  2.6532E-019 
  8.2864E+002  1.0653E-019  2.5831E-019 
  8.2905E+002  1.2121E-019  2.5335E-019 
  8.2947E+002  2.7403E-019  2.5039E-019 
  8.2988E+002  3.0119E-019  2.4830E-019 
  8.3030E+002  3.5507E-019  2.4557E-019 
  8.3071E+002  1.9191E-019  2.4105E-019 
  8.3113E+002  3.5175E-019  2.3444E-019 
  8.3154E+002  1.6940E-019  2.2635E-019 
  8.3196E+002  2.0899E-019  2.1800E-019 
  8.3237E+002  1.0561E-019  2.1078E-019 
  8.3279E+002  2.6931E-019  2.0583E-019 
  8.3321E+002  1.9449E-019  2.0375E-019 
  8.3362E+002  5.4310E-020  2.0457E-019 
  8.3404E+002  3.0478E-019  2.0789E-019 
  8.3446E+002  1.9900E-019  2.1312E-019 
  8.3487E+002  2.1294E-019  2.1967E-019 
  8.3529E+002  2.0711E-019  2.2710E-019 
  8.3571E+002  3.3136E-019  2.3501E-019 
  8.3613E+002  1.3573E-019  2.4287E-019 
  8.3654E+002  2.8643E-019  2.4978E-019 
  8.3696E+002  8.1301E-020  2.5448E-019 
  8.3738E+002  4.4172E-019  2.5573E-019 
  8.3780E+002  4.3159E-019  2.5282E-019 
  8.3822E+002  3.1170E-019  2.4608E-019 
  8.3864E+002  1.8254E-019  2.3700E-019 
  8.3906E+002  1.2194E-019  2.2774E-019 
  8.3948E+002  1.6085E-019  2.2036E-019 
  8.3990E+002  1.4998E-019  2.1598E-019 
  8.4032E+002  1.5894E-019  2.1446E-019 
  8.4074E+002  2.9584E-019  2.1454E-019 
  8.4116E+002  2.5589E-019  2.1448E-019 
  8.4158E+002  3.2119E-019  2.1269E-019 
  8.4200E+002  2.1756E-019  2.0820E-019 
  8.4242E+002  5.9660E-020  2.0080E-019 
  8.4284E+002  2.2410E-019  1.9090E-019 
  8.4326E+002  3.2691E-019  1.7942E-019 
  8.4368E+002  1.9611E-019  1.6762E-019 
  8.4411E+002  5.8340E-020  1.5684E-019 
  8.4453E+002  3.4678E-020  1.4830E-019 
  8.4495E+002  1.4776E-019  1.4283E-019 
  8.4537E+002  1.2422E-019  1.4075E-019 
  8.4580E+002  1.2159E-019  1.4192E-019 
  8.4622E+002  2.5629E-019  1.4591E-019 
  8.4664E+002  4.9665E-020  1.5215E-019 
  8.4706E+002  1.3212E-019  1.5999E-019 
  8.4749E+002  7.9422E-020  1.6868E-019 
  8.4791E+002  3.4433E-019  1.7744E-019 
  8.4834E+002  1.2870E-019  1.8549E-019 
  8.4876E+002  2.4503E-019  1.9229E-019 
  8.4918E+002  1.6449E-019  1.9774E-019 
  8.4961E+002  3.1130E-019  2.0222E-019 
  8.5003E+002  9.4389E-020  2.0653E-019 
  8.5046E+002  2.1217E-019  2.1173E-019 
  8.5088E+002  2.1783E-019  2.1891E-019 
  8.5131E+002  2.8753E-019  2.2906E-019 
  8.5174E+002  4.0378E-020  2.4292E-019 
  8.5216E+002  2.1375E-019  2.6093E-019 
  8.5259E+002  5.0184E-019  2.8313E-019 
  8.5301E+002  2.3813E-019  3.0902E-019 
  8.5344E+002  1.3388E-019  3.3745E-019 
  8.5387E+002  1.9142E-019  3.6669E-019 
  8.5429E+002  7.3567E-019  3.9472E-019 
  8.5472E+002  5.2426E-019  4.1974E-019 
  8.5515E+002  4.7747E-019  4.4060E-019 
  8.5558E+002  4.1733E-019  4.5690E-019 
  8.5600E+002  4.6243E-019  4.6878E-019 
  8.5643E+002  1.7441E-019  4.7654E-019 
  8.5686E+002  9.8552E-019  4.8053E-019 
  8.5729E+002  2.1808E-019  4.8144E-019 
  8.5772E+002  8.5530E-019  4.8067E-019 
  8.5815E+002  3.0655E-019  4.8051E-019 
  8.5857E+002  2.7682E-019  4.8378E-019 
  8.5900E+002  4.7500E-019  4.9293E-019 
  8.5943E+002  5.8638E-019  5.0897E-019 
  8.5986E+002  1.8870E-019  5.3085E-019 
  8.6029E+002  4.7500E-019  5.5543E-019 
  8.6072E+002  7.7107E-019  5.7844E-019 
  8.6115E+002  1.0980E-018  5.9589E-019 
  8.6158E+002  3.4055E-019  6.0550E-019 
  8.6201E+002  8.4100E-019  6.0741E-019 
  8.6245E+002  5.0199E-019  6.0399E-019 
  8.6288E+002  7.2472E-019  5.9869E-019 
  8.6331E+002  3.9539E-019  5.9445E-019 
  8.6374E+002  2.0633E-019  5.9243E-019 
  8.6417E+002  8.6878E-019  5.9164E-019 
  8.6460E+002  4.7064E-019  5.8960E-019 
  8.6504E+002  9.3868E-019  5.8375E-019 
  8.6547E+002  8.2985E-019  5.7283E-019 
  8.6590E+002  4.8337E-019  5.5757E-019 
  8.6633E+002  2.3206E-019  5.4051E-019 
  8.6677E+002  3.4823E-019  5.2507E-019 
  8.6720E+002  7.8294E-019  5.1461E-019 
  8.6763E+002  5.1949E-019  5.1163E-019 
  8.6807E+002  2.4484E-019  5.1727E-019 
  8.6850E+002  6.5326E-019  5.3092E-019 
  8.6894E+002  1.9356E-019  5.4993E-019 
  8.6937E+002  4.0238E-019  5.6973E-019 
  8.6981E+002  9.4480E-019  5.8463E-019 
  8.7024E+002  1.0520E-018  5.8928E-019 
  8.7068E+002  5.3237E-019  5.8022E-019 
  8.7111E+002  6.6283E-019  5.5694E-019 
  8.7155E+002  5.4902E-019  5.2208E-019 
  8.7198E+002  5.7268E-019  4.8060E-019 
  8.7242E+002  2.4070E-019  4.3854E-019 
  8.7286E+002  3.4986E-019  4.0173E-019 
  8.7329E+002  2.3542E-019  3.7487E-019 
  8.7373E+002  2.0632E-019  3.6092E-019 
  8.7416E+002  4.9588E-019  3.6084E-019 
  8.7460E+002  1.6139E-019  3.7339E-019 
  8.7504E+002  7.2576E-020  3.9516E-019 
  8.7548E+002  5.8553E-019  4.2085E-019 
  8.7591E+002  5.7380E-019  4.4417E-019 
  8.7635E+002  4.0617E-019  4.5922E-019 
  8.7679E+002  9.5317E-019  4.6199E-019 
  8.7723E+002  7.2673E-019  4.5152E-019 
  8.7767E+002  1.2236E-019  4.3008E-019 
  8.7811E+002  5.4525E-019  4.0250E-019 
  8.7855E+002  1.0338E-019  3.7483E-019 
  8.7898E+002  3.3631E-019  3.5302E-019 
  8.7942E+002  3.9259E-019  3.4201E-019 
  8.7986E+002  1.8052E-019  3.4532E-019 
  8.8030E+002  9.8972E-020  3.6504E-019 
  8.8074E+002  3.0745E-019  4.0196E-019 
  8.8118E+002  5.1553E-019  4.5576E-019 
  8.8163E+002  4.4559E-019  5.2507E-019 
  8.8207E+002  2.1382E-019  6.0740E-019 
  8.8251E+002  8.0869E-019  6.9886E-019 
  8.8295E+002  1.2225E-018  7.9380E-019 
  8.8339E+002  5.5977E-019  8.8455E-019 
  8.8383E+002  2.3328E-019  9.6204E-019 
  8.8427E+002  2.2139E-018  1.0173E-018 
  8.8472E+002  1.3243E-018  1.0438E-018 
  8.8516E+002  1.6067E-018  1.0401E-018 
  8.8560E+002  1.0642E-018  1.0102E-018 
  8.8604E+002  1.0013E-018  9.6342E-019 
  8.8649E+002  3.9807E-019  9.1104E-019 
  8.8693E+002  3.6306E-019  8.6351E-019 
  8.8737E+002  1.0972E-018  8.2811E-019 
  8.8782E+002  8.7916E-019  8.0811E-019 
  8.8826E+002  7.0963E-019  8.0319E-019 
  8.8870E+002  8.1402E-019  8.1048E-019 
  8.8915E+002  1.7288E-019  8.2547E-019 
  8.8959E+002  8.2664E-019  8.4311E-019 
  8.9004E+002  1.7010E-018  8.5890E-019 
  8.9048E+002  1.0698E-018  8.6993E-019 
  8.9093E+002  7.5339E-019  8.7562E-019 
  8.9137E+002  2.2259E-019  8.7762E-019 
  8.9182E+002  1.0257E-018  8.7923E-019 
  8.9227E+002  1.4385E-018  8.8446E-019 
  8.9271E+002  6.3455E-019  8.9712E-019 
  8.9316E+002  6.6988E-019  9.1978E-019 
  8.9360E+002  7.9965E-019  9.5276E-019 
  8.9405E+002  6.7406E-019  9.9322E-019 
  8.9450E+002  1.0570E-018  1.0350E-018 
  8.9495E+002  1.3477E-018  1.0696E-018 
  8.9539E+002  1.8566E-018  1.0880E-018 
  8.9584E+002  4.1120E-019  1.0834E-018 
  8.9629E+002  1.6588E-018  1.0534E-018 
  8.9674E+002  1.8981E-018  1.0009E-018 
  8.9719E+002  5.0258E-019  9.3369E-019 
  8.9763E+002  3.8639E-019  8.6327E-019 
  8.9808E+002  6.4985E-019  8.0222E-019 
  8.9853E+002  9.3686E-019  7.6186E-019 
  8.9898E+002  4.8227E-019  7.5007E-019 
  8.9943E+002  1.2114E-019  7.6945E-019 
  8.9988E+002  7.0339E-019  8.1628E-019 
  9.0033E+002  6.0531E-019  8.8059E-019 
  9.0078E+002  6.2274E-019  9.4802E-019 
  9.0123E+002  2.0275E-018  1.0031E-018 
  9.0168E+002  1.7097E-018  1.0333E-018 
  9.0213E+002  1.0736E-018  1.0327E-018 
  9.0258E+002  1.3865E-018  1.0026E-018 
  9.0303E+002  5.3751E-019  9.5056E-019 
  9.0349E+002  1.2149E-018  8.8701E-019 
  9.0394E+002  2.8129E-019  8.2164E-019 
  9.0439E+002  1.7344E-019  7.6116E-019 
  9.0484E+002  1.5849E-018  7.0863E-019 
  9.0529E+002  4.7746E-019  6.6458E-019 
  9.0575E+002  4.9940E-019  6.2860E-019 
  9.0620E+002  4.8321E-019  6.0037E-019 
  9.0665E+002  6.6397E-019  5.8001E-019 
  9.0711E+002  4.8603E-019  5.6754E-019 
  9.0756E+002  8.8242E-020  5.6238E-019 
  9.0801E+002  8.9813E-019  5.6325E-019 
  9.0847E+002  5.0185E-019  5.6862E-019 
  9.0892E+002  9.2249E-019  5.7745E-019 
  9.0938E+002  3.8550E-019  5.8938E-019 
  9.0983E+002  3.7508E-019  6.0437E-019 
  9.1029E+002  5.4005E-019  6.2170E-019 
  9.1074E+002  8.8571E-019  6.3901E-019 
  9.1120E+002  3.3260E-019  6.5214E-019 
  9.1165E+002  8.3694E-019  6.5610E-019 
  9.1211E+002  7.0427E-019  6.4704E-019 
  9.1256E+002  1.6788E-018  6.2443E-019 
  9.1302E+002  2.5090E-019  5.9237E-019 
  9.1348E+002  3.7742E-019  5.5932E-019 
  9.1393E+002  3.1340E-019  5.3612E-019 
  9.1439E+002  8.9417E-020  5.3288E-019 
  9.1485E+002  6.0854E-019  5.5583E-019 
  9.1531E+002  1.0404E-019  6.0520E-019 
  9.1576E+002  5.2590E-019  6.7478E-019 
  9.1622E+002  3.2019E-019  7.5348E-019 
  9.1668E+002  1.5191E-018  8.2858E-019 
  9.1714E+002  1.8265E-018  8.8953E-019 
  9.1760E+002  8.3525E-019  9.3122E-019 
  9.1805E+002  5.7860E-019  9.5537E-019 
  9.1851E+002  1.3705E-018  9.6948E-019 
  9.1897E+002  1.3520E-018  9.8373E-019 
  9.1943E+002  4.5352E-020  1.0068E-018 
  9.1989E+002  4.9004E-019  1.0421E-018 
  9.2035E+002  7.8580E-019  1.0868E-018 
  9.2081E+002  1.9292E-018  1.1323E-018 
  9.2127E+002  1.7056E-018  1.1681E-018 
  9.2173E+002  1.1470E-018  1.1854E-018 
  9.2219E+002  1.3120E-018  1.1804E-018 
  9.2266E+002  1.6113E-018  1.1548E-018 
  9.2312E+002  8.6339E-019  1.1148E-018 
  9.2358E+002  1.1378E-018  1.0676E-018 
  9.2404E+002  1.9466E-019  1.0197E-018 
  9.2450E+002  1.7233E-018  9.7459E-019 
  9.2496E+002  3.0580E-019  9.3337E-019 
  9.2543E+002  1.4829E-018  8.9573E-019 
  9.2589E+002  7.9455E-019  8.6176E-019 
  9.2635E+002  7.2913E-019  8.3296E-019 
  9.2682E+002  7.9378E-019  8.1199E-019 
  9.2728E+002  8.1426E-019  8.0130E-019 
  9.2774E+002  2.0147E-019  8.0146E-019 
  9.2821E+002  4.4301E-019  8.1024E-019 
  9.2867E+002  1.2314E-018  8.2306E-019 
  9.2913E+002  1.4488E-018  8.3478E-019 
  9.2960E+002  9.5975E-019  8.4178E-019 
  9.3006E+002  4.1283E-019  8.4343E-019 
  9.3053E+002  9.5026E-019  8.4244E-019 
  9.3099E+002  4.9123E-019  8.4412E-019 
  9.3146E+002  1.5453E-018  8.5508E-019 
  9.3193E+002  3.4841E-019  8.8170E-019 
  9.3239E+002  4.7425E-019  9.2850E-019 
  9.3286E+002  8.0948E-019  9.9624E-019 
  9.3332E+002  1.4579E-018  1.0804E-018 
  9.3379E+002  4.5115E-019  1.1707E-018 
  9.3426E+002  7.8302E-019  1.2528E-018 
  9.3473E+002  2.3872E-018  1.3114E-018 
  9.3519E+002  2.6975E-018  1.3354E-018 
  9.3566E+002  1.6827E-018  1.3209E-018 
  9.3613E+002  7.3299E-019  1.2732E-018 
  9.3660E+002  9.9738E-019  1.2038E-018 
  9.3706E+002  1.1949E-018  1.1270E-018 
  9.3753E+002  1.1323E-018  1.0551E-018 
  9.3800E+002  3.4724E-019  9.9498E-019 
  9.3847E+002  3.7867E-019  9.4759E-019 
  9.3894E+002  1.9685E-018  9.0918E-019 
  9.3941E+002  3.9889E-019  8.7410E-019 
  9.3988E+002  1.2368E-018  8.3755E-019 
  9.4035E+002  8.5556E-019  7.9762E-019 
  9.4082E+002  7.0133E-019  7.5580E-019 
  9.4129E+002  7.1007E-019  7.1612E-019 
  9.4176E+002  2.3147E-019  6.8347E-019 
  9.4223E+002  1.0154E-018  6.6179E-019 
  9.4270E+002  3.8960E-020  6.5299E-019 
  9.4317E+002  7.1082E-019  6.5674E-019 
  9.4364E+002  6.2632E-019  6.7119E-019 
  9.4412E+002  1.2015E-018  6.9400E-019 
  9.4459E+002  2.8091E-019  7.2328E-019 
  9.4506E+002  7.0239E-019  7.5778E-019 
  9.4553E+002  7.4620E-019  7.9639E-019 
  9.4601E+002  1.2360E-018  8.3741E-019 
  9.4648E+002  2.5702E-019  8.7812E-019 
  9.4695E+002  7.4544E-019  9.1509E-019 
  9.4743E+002  1.6934E-018  9.4525E-019 
  9.4790E+002  1.3390E-018  9.6692E-019 
  9.4837E+002  9.7300E-019  9.8023E-019 
  9.4885E+002  6.5823E-019  9.8634E-019 
  9.4932E+002  5.5441E-019  9.8639E-019 
  9.4980E+002  3.2011E-019  9.8085E-019 
  9.5027E+002  3.0473E-018  9.7002E-019 
  9.5075E+002  6.5397E-019  9.5528E-019 
  9.5122E+002  3.1457E-019  9.3978E-019 
  9.5170E+002  5.3440E-019  9.2789E-019 
  9.5217E+002  1.4778E-018  9.2332E-019 
  9.5265E+002  4.9748E-019  9.2717E-019 
  9.5313E+002  3.6706E-019  9.3709E-019 
  9.5360E+002  1.2197E-018  9.4837E-019 
  9.5408E+002  1.7011E-018  9.5640E-019 
  9.5456E+002  1.3889E-018  9.5916E-019 
  9.5503E+002  3.4017E-019  9.5835E-019 
  9.5551E+002  8.9167E-019  9.5840E-019 
  9.5599E+002  1.0015E-018  9.6392E-019 
  9.5647E+002  3.6728E-019  9.7663E-019 
  9.5695E+002  1.1149E-018  9.9360E-019 
  9.5742E+002  1.1214E-018  1.0076E-018 
  9.5790E+002  1.1195E-018  1.0095E-018 
  9.5838E+002  1.2243E-018  9.9240E-019 
  9.5886E+002  2.1460E-018  9.5425E-019 
  9.5934E+002  5.1128E-019  8.9978E-019 
  9.5982E+002  8.5524E-019  8.3886E-019 
  9.6030E+002  1.7570E-019  7.8311E-019 
  9.6078E+002  3.0505E-019  7.4184E-019 
  9.6126E+002  2.4701E-019  7.1935E-019 
  9.6174E+002  1.2368E-018  7.1447E-019 
  9.6222E+002  1.2077E-018  7.2209E-019 
  9.6270E+002  2.2815E-019  7.3555E-019 
  9.6318E+002  4.7616E-019  7.4863E-019 
  9.6367E+002  1.1586E-018  7.5672E-019 
  9.6415E+002  1.0374E-018  7.5715E-019 
  9.6463E+002  7.2137E-019  7.4938E-019 
  9.6511E+002  4.7667E-019  7.3509E-019 
  9.6559E+002  1.1217E-018  7.1825E-019 
  9.6608E+002  5.3273E-019  7.0484E-019 
  9.6656E+002  8.0823E-019  7.0188E-019 
  9.6704E+002  2.7771E-019  7.1590E-019 
  9.6753E+002  2.5844E-019  7.5111E-019 
  9.6801E+002  1.0296E-018  8.0790E-019 
  9.6850E+002  2.1554E-019  8.8236E-019 
  9.6898E+002  1.1592E-018  9.6693E-019 
  9.6946E+002  1.8790E-018  1.0520E-018 
  9.6995E+002  3.8461E-019  1.1278E-018 
  9.7043E+002  2.0877E-018  1.1859E-018 
  9.7092E+002  8.8325E-019  1.2201E-018 
  9.7140E+002  1.0518E-018  1.2276E-018 
  9.7189E+002  2.7424E-018  1.2085E-018 
  9.7238E+002  6.2525E-019  1.1668E-018 
  9.7286E+002  7.2052E-019  1.1089E-018 
  9.7335E+002  1.8302E-018  1.0429E-018 
  9.7384E+002  1.9272E-019  9.7673E-019 
  9.7432E+002  1.1186E-018  9.1679E-019 
  9.7481E+002  3.5281E-019  8.6716E-019 
  9.7530E+002  9.6596E-019  8.3006E-019 
  9.7578E+002  1.1533E-018  8.0673E-019 
  9.7627E+002  6.4793E-019  7.9824E-019 
  9.7676E+002  3.2166E-019  8.0548E-019 
  9.7725E+002  1.0420E-018  8.2818E-019 
  9.7774E+002  4.7764E-019  8.6375E-019 
  9.7823E+002  1.5887E-019  9.0679E-019 
  9.7872E+002  1.6685E-018  9.4986E-019 
  9.7920E+002  1.9029E-018  9.8541E-019 
  9.7969E+002  9.0009E-019  1.0077E-018 
  9.8018E+002  5.6578E-019  1.0142E-018 
  9.8067E+002  8.1367E-019  1.0050E-018 
  9.8116E+002  1.8220E-018  9.8269E-019 
  9.8166E+002  9.9980E-019  9.5108E-019 
  9.8215E+002  5.3993E-019  9.1424E-019 
  9.8264E+002  7.8764E-019  8.7623E-019 
  9.8313E+002  9.7937E-019  8.4086E-019 
  9.8362E+002  3.7391E-019  8.1169E-019 
  9.8411E+002  1.4050E-018  7.9203E-019 
  9.8460E+002  6.6097E-019  7.8453E-019 
  9.8510E+002  3.7995E-019  7.9051E-019 
  9.8559E+002  7.2110E-020  8.0911E-019 
  9.8608E+002  1.1844E-018  8.3695E-019 
  9.8657E+002  9.9442E-019  8.6868E-019 
  9.8707E+002  1.7217E-018  8.9843E-019 
  9.8756E+002  2.5827E-019  9.2126E-019 
  9.8806E+002  7.0547E-019  9.3421E-019 
  9.8855E+002  1.6243E-018  9.3640E-019 
  9.8904E+002  1.2583E-018  9.2826E-019 
  9.8954E+002  2.8076E-019  9.1060E-019 
  9.9003E+002  8.9410E-019  8.8386E-019 
  9.9053E+002  9.4593E-019  8.4810E-019 
  9.9102E+002  1.0090E-018  8.0362E-019 
  9.9152E+002  1.3491E-018  7.5197E-019 
  9.9201E+002  3.9678E-019  6.9632E-019 
  9.9251E+002  4.0215E-019  6.4110E-019 
  9.9301E+002  3.6706E-019  5.9069E-019 
  9.9350E+002  5.9097E-019  5.4810E-019 
  9.9400E+002  3.4678E-019  5.1441E-019 
  9.9450E+002  3.0923E-019  4.8919E-019 
  9.9499E+002  1.1604E-018  4.7149E-019 
  9.9549E+002  1.0497E-019  4.6067E-019 
  9.9599E+002  4.7740E-019  4.5640E-019 
  9.9649E+002  6.1779E-020  4.5795E-019 
  9.9699E+002  2.2735E-019  4.6346E-019 
  9.9748E+002  4.0781E-019  4.7012E-019 
  9.9798E+002  1.6682E-018  4.7514E-019 
  9.9848E+002  3.8886E-020  4.7703E-019 
  9.9898E+002  3.4447E-019  4.7625E-019 
  9.9948E+002  3.4751E-019  4.7485E-019 
  9.9998E+002  3.7773E-019  4.7530E-019 
  1.0005E+003  4.4950E-019  4.7930E-019 
