3219.89       5.482e-13
3222.22835       3.750e-13
3224.5667       2.018e-13
3226.90505       3.726e-13
3229.2434       5.435e-13
3231.58175       5.832e-13
3233.9201       6.228e-13
3236.25845       4.649e-13
3238.5968       3.070e-13
3240.93515       1.486e-13
3243.2735      -9.778e-15
3245.61185      -2.723e-13
3247.9502      -5.349e-13
3250.28855      -3.992e-13
3252.6269      -2.633e-13
3254.96525      -1.274e-13
3257.3036       8.442e-15
3259.64195       2.058e-13
3261.9803       4.032e-13
3264.31865       4.336e-13
3266.657       4.639e-13
3268.99535       1.885e-13
3271.3337      -8.705e-14
3273.67205       4.686e-15
3276.0104       9.668e-14
3278.34875      -1.470e-13
3280.6871      -3.909e-13
3283.02545      -1.991e-13
3285.3638      -6.901e-15
3287.70215       1.029e-13
3290.0405       2.127e-13
3292.37885       2.086e-14
3294.7172      -1.713e-13
3297.05555       8.349e-16
3299.3939       1.733e-13
3301.73225       7.375e-14
3304.0706      -2.608e-14
3306.40895      -1.793e-14
3308.7473      -9.664e-15
3311.08565       9.738e-14
3313.424       2.046e-13
3315.76235       1.809e-13
3318.1007       1.571e-13
3320.43905       5.608e-14
3322.7774      -4.500e-14
3325.11575      -4.255e-15
3327.4541       3.668e-14
3329.79245      -1.141e-15
3332.1308      -3.908e-14
3334.46915      -1.043e-13
3336.8075      -1.696e-13
3339.14585      -1.268e-13
3341.4842      -8.393e-14
3343.82255      -5.698e-14
3346.1609      -3.006e-14
3348.49925      -5.471e-15
3350.8376       1.912e-14
3353.17595       2.001e-14
3355.5143       2.086e-14
3357.85265       1.570e-14
3360.191       1.054e-14
3362.52935      -2.465e-15
3364.8677      -1.548e-14
3367.20605      -6.686e-14
3369.5444      -1.183e-13
3371.88275      -6.467e-14
3374.2211      -1.083e-14
3376.55945      -1.995e-14
3378.8978      -2.919e-14
3381.23615       4.257e-14
3383.5745       1.145e-13
3385.91285       1.404e-13
3388.2512       1.662e-13
3390.58955       1.111e-13
3392.9279       5.578e-14
3395.26625       7.680e-14
3397.6046       9.798e-14
3399.94295       1.901e-14
3402.2813      -6.020e-14
3404.61965      -3.594e-14
3406.958      -1.142e-14
3409.29635      -1.465e-14
3411.6347      -1.796e-14
3413.97305      -1.878e-14
3416.3114      -1.960e-14
3418.64975       2.132e-14
3420.9881       6.234e-14
3423.32645       6.503e-14
3425.6648       6.762e-14
3428.00315       7.201e-14
3430.3415       7.640e-14
3432.67985       4.993e-14
3435.0182       2.337e-14
3437.35655       2.956e-14
3439.6949       3.584e-14
3442.03325       3.408e-14
3444.3716       3.229e-14
3446.70995       5.733e-14
3449.0483       8.246e-14
3451.38665       7.492e-14
3453.725       6.728e-14
3456.06335       3.452e-14
3458.4017       1.674e-15
3460.74005      -2.079e-14
3463.0784      -4.321e-14
3465.41675      -1.055e-14
3467.7551       2.229e-14
3470.09345       3.989e-14
3472.4318       5.745e-14
3474.77015       6.435e-14
3477.1085       7.122e-14
3479.44685       4.529e-14
3481.7852       1.924e-14
3484.12355       2.720e-14
3486.4619       3.528e-14
3488.80025       1.353e-14
3491.1386      -8.336e-15
3493.47695       2.432e-14
3495.8153       5.718e-14
3498.15365       5.545e-14
3500.492       5.360e-14
3502.83035       4.784e-14
3505.1687       4.208e-14
3507.50705       6.432e-14
3509.8454       8.666e-14
3512.18375       6.871e-14
3514.5221       5.060e-14
3516.86045       4.908e-14
3519.1988       4.763e-14
3521.53715       5.274e-14
3523.8755       5.787e-14
3526.21385       7.463e-14
3528.5522       9.144e-14
3530.89055       6.026e-14
3533.2289       2.889e-14
3535.56725       2.616e-14
3537.9056       2.356e-14
3540.24395       2.415e-14
3542.5823       2.477e-14
3544.92065       5.074e-14
3547.259       7.682e-14
3549.59735       5.192e-14
3551.9357       2.681e-14
3554.27405       3.377e-14
3556.6124       4.086e-14
3558.95075       4.932e-14
3561.2891       5.778e-14
3563.62745       4.340e-14
3565.9658       2.892e-14
3568.30415       5.535e-14
3570.6425       8.196e-14
3572.98085       6.241e-14
3575.3192       4.266e-14
3577.65755       4.631e-14
3579.9959       5.007e-14
3582.33425       4.379e-14
3584.6726       3.746e-14
3587.01095       1.326e-14
3589.3493      -1.103e-14
3591.68765       1.975e-14
3594.026       5.080e-14
3596.36435       6.008e-14
3598.7027       6.924e-14
3601.04105       5.753e-14
3603.3794       4.571e-14
3605.71775       4.323e-14
3608.0561       4.080e-14
3610.39445       4.568e-14
3612.7328       5.059e-14
3615.07115       5.535e-14
3617.4095       6.012e-14
3619.74785       6.268e-14
3622.0862       6.523e-14
3624.42455       5.793e-14
3626.7629       5.059e-14
3629.10125       4.437e-14
3631.4396       3.815e-14
3633.77795       4.118e-14
3636.1163       4.426e-14
3638.45465       3.228e-14
3640.793       2.022e-14
3643.13135       3.646e-14
3645.4697       5.285e-14
3647.80805       4.882e-14
3650.1464       4.468e-14
3652.48475       5.374e-14
3654.8231       6.287e-14
3657.16145       4.793e-14
3659.4998       3.286e-14
3661.83815       4.175e-14
3664.1765       5.079e-14
3666.51485       3.945e-14
3668.8532       2.801e-14
3671.19155       1.005e-14
3673.5299      -7.942e-15
3675.86825       3.992e-15
3678.2066       1.610e-14
3680.54495       1.057e-14
3682.8833       4.929e-15
3685.22165       1.534e-14
3687.56       2.585e-14
3689.89835       1.835e-14
3692.2367       1.073e-14
3694.57505       2.109e-14
3696.9134       3.156e-14
3699.25175       2.929e-14
3701.5901       2.695e-14
3703.92845       3.793e-14
3706.2668       4.899e-14
3708.60515       5.468e-14
3710.9435       6.034e-14
3713.28185       3.452e-14
3715.6202       8.496e-15
3717.95855       1.342e-14
3720.2969       1.855e-14
3722.63525       1.433e-14
3724.9736       1.004e-14
3727.31195       2.286e-14
3729.6503       3.579e-14
3731.98865       3.879e-14
3734.327       4.174e-14
3736.66535       3.857e-14
3739.0037       3.536e-14
3741.34205       2.774e-14
3743.6804       2.008e-14
3746.01875       2.655e-14
3748.3571       3.312e-14
3750.69545       3.410e-14
3753.0338       3.504e-14
3755.37215       2.998e-14
3757.7105       2.488e-14
3760.04885       3.136e-14
3762.3872       3.793e-14
3764.72555       3.753e-14
3767.0639       3.708e-14
3769.40225       3.110e-14
3771.7406       2.508e-14
3774.07895       2.384e-14
3776.4173       2.262e-14
3778.75565       1.982e-14
3781.094       1.701e-14
3783.43235       1.063e-14
3785.7707       4.219e-15
3788.10905      -2.710e-15
3790.4474      -9.643e-15
3792.78575       3.759e-15
3795.1241       1.731e-14
3797.46245       2.541e-14
3799.8008       3.347e-14
3802.13915       2.945e-14
3804.4775       2.535e-14
3806.81585       1.440e-14
3809.1542       3.393e-15
3811.49255       3.540e-15
3813.8309       3.772e-15
3816.16925       7.388e-15
3818.5076       1.103e-14
3820.84595       2.772e-16
3823.1843      -1.059e-14
3825.52265      -3.228e-15
3827.861       4.273e-15
3830.19935       5.798e-15
3832.5377       7.275e-15
3834.87605       6.108e-15
3837.2144       4.919e-15
3839.55275       3.819e-15
3841.8911       2.719e-15
3844.22945       1.005e-15
3846.5678      -7.133e-16
3848.90615      -2.977e-15
3851.2445      -5.245e-15
3853.58285       5.936e-15
3855.9212       1.723e-14
3858.25955       1.664e-14
3860.5979       1.595e-14
3862.93625       1.056e-14
3865.2746       5.137e-15
3867.61295       1.094e-14
3869.9513       1.684e-14
3872.28965       7.809e-15
3874.628      -1.351e-15
3876.96635       2.074e-15
3879.3047       5.607e-15
3881.64305       9.993e-15
3883.9814       1.439e-14
3886.31975       2.556e-15
3888.6581      -9.413e-15
3890.99645       9.260e-15
3893.3348       2.820e-14
3895.67315       3.128e-14
3898.0115       3.423e-14
3900.34985       3.339e-14
3902.6882       3.251e-14
3905.02655       2.713e-14
3907.3649       2.171e-14
3909.70325       2.002e-14
3912.0416       1.836e-14
3914.37995       2.244e-14
3916.7183       2.658e-14
3919.05665       2.823e-14
3921.395       2.985e-14
3923.73335       2.130e-14
3926.0717       1.264e-14
3928.41005       2.345e-14
3930.7484       3.444e-14
3933.08675       3.270e-14
3935.4251       3.085e-14
3937.76345       2.968e-14
3940.1018       2.853e-14
3942.44015       3.442e-14
3944.7785       4.038e-14
3947.11685       3.547e-14
3949.4552       3.045e-14
3951.79355       3.195e-14
3954.1319       3.353e-14
3956.47025       3.453e-14
3958.8086       3.553e-14
3961.14695       3.318e-14
3963.4853       3.080e-14
3965.82365       3.368e-14
3968.162       3.660e-14
3970.50035       4.082e-14
3972.8387       4.505e-14
3975.17705       4.530e-14
3977.5154       4.552e-14
3979.85375       5.077e-14
3982.1921       5.607e-14
3984.53045       5.081e-14
3986.8688       4.545e-14
3989.20715       3.764e-14
3991.5455       2.980e-14
3993.88385       3.907e-14
3996.2222       4.851e-14
3998.56055       4.879e-14
4000.8989       4.899e-14
4003.23725       5.016e-14
4005.5756       5.135e-14
4007.91395       5.199e-14
4010.2523       5.262e-14
4012.59065       5.490e-14
4014.929       5.720e-14
4017.26735       5.269e-14
4019.6057       4.810e-14
4021.94405       5.068e-14
4024.2824       5.334e-14
4026.62075       5.164e-14
4028.9591       4.990e-14
4031.29745       4.347e-14
4033.6358       3.699e-14
4035.97415       3.803e-14
4038.3125       3.915e-14
4040.65085       3.810e-14
4042.9892       3.702e-14
4045.32755       3.778e-14
4047.6659       3.855e-14
4050.00425       3.988e-14
4052.3426       4.120e-14
4054.68095       4.500e-14
4057.0193       4.882e-14
4059.35765       4.354e-14
4061.696       3.816e-14
4064.03435       4.534e-14
4066.3727       5.266e-14
4068.71105       5.321e-14
4071.0494       5.369e-14
4073.38775       4.380e-14
4075.7261       3.379e-14
4078.06445       3.007e-14
4080.4028       2.642e-14
4082.74115       3.554e-14
4085.0795       4.481e-14
4087.41785       4.415e-14
4089.7562       4.338e-14
4092.09455       4.453e-14
4094.4329       4.571e-14
4096.77125       4.552e-14
4099.1096       4.532e-14
4101.44795       4.181e-14
4103.7863       3.827e-14
4106.12465       3.641e-14
4108.463       3.457e-14
4110.80135       3.325e-14
4113.1397       3.194e-14
4115.47805       3.330e-14
4117.8164       3.470e-14
4120.15475       3.396e-14
4122.4931       3.321e-14
4124.83145       3.867e-14
4127.1698       4.421e-14
4129.50815       4.130e-14
4131.8465       3.829e-14
4134.18485       3.247e-14
4136.5232       2.661e-14
4138.86155       3.103e-14
4141.1999       3.558e-14
4143.53825       2.982e-14
4145.8766       2.392e-14
4148.21495       2.892e-14
4150.5533       3.405e-14
4152.89165       3.236e-14
4155.23       3.058e-14
4157.56835       2.907e-14
4159.9067       2.756e-14
4162.24505       3.641e-14
4164.5834       4.538e-14
4166.92175       4.699e-14
4169.2601       4.851e-14
4171.59845       5.393e-14
4173.9368       5.940e-14
4176.27515       5.881e-14
4178.6135       5.814e-14
4180.95185       5.173e-14
4183.2902       4.525e-14
4185.62855       4.503e-14
4187.9669       4.489e-14
4190.30525       4.658e-14
4192.6436       4.829e-14
4194.98195       4.754e-14
4197.3203       4.676e-14
4199.65865       4.577e-14
4201.997       4.479e-14
4204.33535       5.214e-14
4206.6737       5.960e-14
4209.01205       6.952e-14
4211.3504       7.947e-14
4213.68875       7.776e-14
4216.0271       7.590e-14
4218.36545       6.990e-14
4220.7038       6.385e-14
4223.04215       6.233e-14
4225.3805       6.088e-14
4227.71885       6.520e-14
4230.0572       6.960e-14
4232.39555       7.105e-14
4234.7339       7.247e-14
4237.07225       7.039e-14
4239.4106       6.827e-14
4241.74895       7.037e-14
4244.0873       7.252e-14
4246.42565       7.560e-14
4248.764       7.869e-14
4251.10235       8.119e-14
4253.4407       8.368e-14
4255.77905       8.434e-14
4258.1174       8.497e-14
4260.45575       8.501e-14
4262.7941       8.504e-14
4265.13245       8.173e-14
4267.4708       7.838e-14
4269.80915       8.853e-14
4272.1475       9.887e-14
4274.48585       9.469e-14
4276.8242       9.031e-14
4279.16255       8.636e-14
4281.5009       8.241e-14
4283.83925       9.047e-14
4286.1776       9.869e-14
4288.51595       9.921e-14
4290.8543       9.962e-14
4293.19265       9.662e-14
4295.531       9.357e-14
4297.86935       9.304e-14
4300.2077       9.254e-14
4302.54605       9.456e-14
4304.8844       9.661e-14
4307.22275       9.782e-14
4309.5611       9.902e-14
4311.89945       9.813e-14
4314.2378       9.722e-14
4316.57615       1.016e-13
4318.9145       1.061e-13
4321.25285       9.910e-14
4323.5912       9.191e-14
4325.92955       9.713e-14
4328.2679       1.025e-13
4330.60625       1.044e-13
4332.9446       1.062e-13
4335.28295       9.615e-14
4337.6213       8.592e-14
4339.95965       9.231e-14
4342.298       9.894e-14
4344.63635       1.002e-13
4346.9747       1.015e-13
4349.31305       9.707e-14
4351.6514       9.261e-14
4353.98975       9.411e-14
4356.3281       9.571e-14
4358.66645       9.373e-14
4361.0048       9.170e-14
4363.34315       9.304e-14
4365.6815       9.444e-14
4368.01985       8.681e-14
4370.3582       7.906e-14
4372.69655       8.642e-14
4375.0349       9.401e-14
4377.37325       9.406e-14
4379.7116       9.400e-14
4382.04995       9.476e-14
4384.3883       9.553e-14
4386.72665       1.005e-13
4389.065       1.056e-13
4391.40335       1.079e-13
4393.7417       1.101e-13
4396.08005       1.097e-13
4398.4184       1.092e-13
4400.75675       1.053e-13
4403.0951       1.013e-13
4405.43345       1.024e-13
4407.7718       1.035e-13
4410.11015       1.036e-13
4412.4485       1.037e-13
4414.78685       1.094e-13
4417.1252       1.153e-13
4419.46355       1.074e-13
4421.8019       9.931e-14
4424.14025       9.994e-14
4426.4786       1.007e-13
4428.81695       9.883e-14
4431.1553       9.691e-14
4433.49365       9.461e-14
4435.832       9.230e-14
4438.17035       9.539e-14
4440.5087       9.857e-14
4442.84705       9.235e-14
4445.1854       8.599e-14
4447.52375       8.444e-14
4449.8621       8.297e-14
4452.20045       8.197e-14
4454.5388       8.097e-14
4456.87715       7.937e-14
4459.2155       7.777e-14
4461.55385       7.485e-14
4463.8922       7.191e-14
4466.23055       8.071e-14
4468.5689       8.971e-14
4470.90725       8.507e-14
4473.2456       8.021e-14
4475.58395       7.640e-14
4477.9223       7.260e-14
4480.26065       7.371e-14
4482.599       7.491e-14
4484.93735       7.265e-14
4487.2757       7.034e-14
4489.61405       7.238e-14
4491.9524       7.450e-14
4494.29075       7.304e-14
4496.6291       7.152e-14
4498.96745       6.683e-14
4501.3058       6.209e-14
4503.64415       6.392e-14
4505.9825       6.586e-14
4508.32085       6.817e-14
4510.6592       7.049e-14
4512.99755       6.685e-14
4515.3359       6.311e-14
4517.67425       6.093e-14
4520.0126       5.878e-14
4522.35095       6.280e-14
4524.6893       6.692e-14
4527.02765       6.662e-14
4529.366       6.625e-14
4531.70435       6.484e-14
4534.0427       6.342e-14
4536.38105       6.147e-14
4538.7194       5.951e-14
4541.05775       6.677e-14
4543.3961       7.418e-14
4545.73445       7.891e-14
4548.0728       8.358e-14
4550.41115       7.848e-14
4552.7495       7.320e-14
4555.08785       8.482e-14
4557.4262       9.673e-14
4559.76455       9.462e-14
4562.1029       9.227e-14
4564.44125       9.051e-14
4566.7796       8.876e-14
4569.11795       1.011e-13
4571.4563       1.136e-13
4573.79465       1.135e-13
4576.133       1.131e-13
4578.47135       1.148e-13
4580.8097       1.165e-13
4583.14805       1.225e-13
4585.4864       1.286e-13
4587.82475       1.315e-13
4590.1631       1.343e-13
4592.50145       1.295e-13
4594.8398       1.245e-13
4597.17815       1.349e-13
4599.5165       1.455e-13
4601.85485       1.469e-13
4604.1932       1.481e-13
4606.53155       1.542e-13
4608.8699       1.604e-13
4611.20825       1.663e-13
4613.5466       1.721e-13
4615.88495       1.775e-13
4618.2233       1.829e-13
4620.56165       1.815e-13
4622.9       1.801e-13
4625.23835       1.803e-13
4627.5767       1.806e-13
4629.91505       1.905e-13
4632.2534       2.007e-13
4634.59175       2.032e-13
4636.9301       2.055e-13
4639.26845       2.136e-13
4641.6068       2.218e-13
4643.94515       2.306e-13
4646.2835       2.394e-13
4648.62185       2.363e-13
4650.9602       2.330e-13
4653.29855       2.300e-13
4655.6369       2.271e-13
4657.97525       2.301e-13
4660.3136       2.332e-13
4662.65195       2.393e-13
4664.9903       2.455e-13
4667.32865       2.524e-13
4669.667       2.593e-13
4672.00535       2.594e-13
4674.3437       2.594e-13
4676.68205       2.616e-13
4679.0204       2.639e-13
4681.35875       2.691e-13
4683.6971       2.743e-13
4686.03545       2.726e-13
4688.3738       2.707e-13
4690.71215       2.750e-13
4693.0505       2.795e-13
4695.38885       2.749e-13
4697.7272       2.701e-13
4700.06555       2.686e-13
4702.4039       2.672e-13
4704.74225       2.697e-13
4707.0806       2.722e-13
4709.41895       2.709e-13
4711.7573       2.695e-13
4714.09565       2.657e-13
4716.434       2.618e-13
4718.77235       2.651e-13
4721.1107       2.685e-13
4723.44905       2.658e-13
4725.7874       2.631e-13
4728.12575       2.612e-13
4730.4641       2.594e-13
4732.80245       2.604e-13
4735.1408       2.615e-13
4737.47915       2.614e-13
4739.8175       2.614e-13
4742.15585       2.607e-13
4744.4942       2.600e-13
4746.83255       2.523e-13
4749.1709       2.444e-13
4751.50925       2.442e-13
4753.8476       2.442e-13
4756.18595       2.417e-13
4758.5243       2.392e-13
4760.86265       2.394e-13
4763.201       2.397e-13
4765.53935       2.380e-13
4767.8777       2.363e-13
4770.21605       2.288e-13
4772.5544       2.211e-13
4774.89275       2.119e-13
4777.2311       2.026e-13
4779.56945       2.035e-13
4781.9078       2.046e-13
4784.24615       2.075e-13
4786.5845       2.104e-13
4788.92285       2.072e-13
4791.2612       2.038e-13
4793.59955       1.995e-13
4795.9379       1.951e-13
4798.27625       1.859e-13
4800.6146       1.766e-13
4802.95295       1.704e-13
4805.2913       1.644e-13
4807.62965       1.592e-13
4809.968       1.540e-13
4812.30635       1.510e-13
4814.6447       1.481e-13
4816.98305       1.495e-13
4819.3214       1.509e-13
4821.65975       1.453e-13
4823.9981       1.395e-13
4826.33645       1.344e-13
4828.6748       1.294e-13
4831.01315       1.270e-13
4833.3515       1.247e-13
4835.68985       1.242e-13
4838.0282       1.238e-13
4840.36655       1.185e-13
4842.7049       1.130e-13
4845.04325       1.090e-13
4847.3816       1.049e-13
4849.71995       1.022e-13
4852.0583       9.938e-14
4854.39665       9.593e-14
4856.735       9.246e-14
4859.07335       9.181e-14
4861.4117       9.122e-14
4863.75005       8.972e-14
4866.0884       8.820e-14
4868.42675       8.548e-14
4870.7651       8.273e-14
4873.10345       8.292e-14
4875.4418       8.318e-14
4877.78015       8.228e-14
4880.1185       8.135e-14
4882.45685       7.742e-14
4884.7952       7.342e-14
4887.13355       7.308e-14
4889.4719       7.282e-14
4891.81025       7.187e-14
4894.1486       7.090e-14
4896.48695       7.121e-14
4898.8253       7.155e-14
4901.16365       7.462e-14
4903.502       7.774e-14
4905.84035       7.771e-14
4908.1787       7.761e-14
4910.51705       8.017e-14
4912.8554       8.280e-14
4915.19375       8.628e-14
4917.5321       8.979e-14
4919.87045       8.844e-14
4922.2088       8.698e-14
4924.54715       8.594e-14
4926.8855       8.490e-14
4929.22385       8.553e-14
4931.5622       8.620e-14
4933.90055       8.449e-14
4936.2389       8.274e-14
4938.57725       8.455e-14
4940.9156       8.645e-14
4943.25395       8.759e-14
4945.5923       8.872e-14
4947.93065       8.896e-14
4950.269       8.917e-14
4952.60735       9.042e-14
4954.9457       9.168e-14
4957.28405       9.484e-14
4959.6224       9.804e-14
4961.96075       9.489e-14
4964.2991       9.159e-14
4966.63745       8.905e-14
4968.9758       8.653e-14
4971.31415       8.884e-14
4973.6525       9.126e-14
4975.99085       8.894e-14
4978.3292       8.652e-14
4980.66755       9.451e-14
4983.0059       1.027e-13
4985.34425       1.020e-13
4987.6826       1.009e-13
4990.02095       1.014e-13
4992.3593       1.018e-13
4994.69765       1.012e-13
4997.036       1.006e-13
4999.37435       1.007e-13
5001.7127       1.009e-13
5004.05105       1.006e-13
5006.3894       1.003e-13
5008.72775       1.022e-13
5011.0661       1.042e-13
5013.40445       9.972e-14
5015.7428       9.504e-14
5018.08115       9.467e-14
5020.4195       9.441e-14
5022.75785       9.966e-14
5025.0962       1.050e-13
5027.43455       1.030e-13
5029.7729       1.007e-13
5032.11125       1.021e-13
5034.4496       1.036e-13
5036.78795       1.004e-13
5039.1263       9.703e-14
5041.46465       1.003e-13
5043.803       1.037e-13
5046.14135       1.058e-13
5048.4797       1.079e-13
5050.81805       1.017e-13
5053.1564       9.538e-14
5055.49475       9.603e-14
5057.8331       9.684e-14
5060.17145       9.471e-14
5062.5098       9.251e-14
5064.84815       9.069e-14
5067.1865       8.888e-14
5069.52485       8.731e-14
5071.8632       8.575e-14
5074.20155       8.320e-14
5076.5399       8.063e-14
5078.87825       8.073e-14
5081.2166       8.091e-14
5083.55495       7.457e-14
5085.8933       6.807e-14
5088.23165       6.746e-14
5090.57       6.699e-14
5092.90835       6.795e-14
5095.2467       6.895e-14
5097.58505       6.624e-14
5099.9234       6.343e-14
5102.26175       6.862e-14
5104.6001       7.402e-14
5106.93845       7.261e-14
5109.2768       7.103e-14
5111.61515       6.714e-14
5113.9535       6.320e-14
5116.29185       6.105e-14
5118.6302       5.894e-14
5120.96855       6.129e-14
5123.3069       6.376e-14
5125.64525       6.478e-14
5127.9836       6.576e-14
5130.32195       6.516e-14
5132.6603       6.453e-14
5134.99865       6.894e-14
5137.337       7.347e-14
5139.67535       7.435e-14
5142.0137       7.513e-14
5144.35205       7.854e-14
5146.6904       8.201e-14
5149.02875       8.000e-14
5151.3671       7.785e-14
5153.70545       7.929e-14
5156.0438       8.083e-14
5158.38215       8.183e-14
5160.7205       8.283e-14
5163.05885       8.101e-14
5165.3972       7.912e-14
5167.73555       8.868e-14
5170.0739       9.854e-14
5172.41225       9.921e-14
5174.7506       9.963e-14
5177.08895       9.938e-14
5179.4273       9.911e-14
5181.76565       1.050e-13
5184.104       1.110e-13
5186.44235       1.136e-13
5188.7807       1.161e-13
5191.11905       1.163e-13
5193.4574       1.164e-13
5195.79575       1.174e-13
5198.1341       1.185e-13
5200.47245       1.197e-13
5202.8108       1.209e-13
5205.14915       1.211e-13
5207.4875       1.212e-13
5209.82585       1.226e-13
5212.1642       1.240e-13
5214.50255       1.312e-13
5216.8409       1.387e-13
5219.17925       1.374e-13
5221.5176       1.358e-13
5223.85595       1.360e-13
5226.1943       1.362e-13
5228.53265       1.378e-13
5230.871       1.393e-13
5233.20935       1.419e-13
5235.5477       1.444e-13
5237.88605       1.439e-13
5240.2244       1.434e-13
5242.56275       1.485e-13
5244.9011       1.538e-13
5247.23945       1.522e-13
5249.5778       1.505e-13
5251.91615       1.531e-13
5254.2545       1.558e-13
5256.59285       1.545e-13
5258.9312       1.532e-13
5261.26955       1.483e-13
5263.6079       1.434e-13
5265.94625       1.415e-13
5268.2846       1.396e-13
5270.62295       1.375e-13
5272.9613       1.353e-13
5275.29965       1.377e-13
5277.638       1.402e-13
5279.97635       1.396e-13
5282.3147       1.389e-13
5284.65305       1.424e-13
5286.9914       1.460e-13
5289.32975       1.447e-13
5291.6681       1.432e-13
5294.00645       1.469e-13
5296.3448       1.508e-13
5298.68315       1.509e-13
5301.0215       1.510e-13
5303.35985       1.476e-13
5305.6982       1.442e-13
5308.03655       1.358e-13
5310.3749       1.272e-13
5312.71325       1.291e-13
5315.0516       1.313e-13
5317.38995       1.310e-13
5319.7283       1.306e-13
5322.06665       1.277e-13
5324.405       1.247e-13
5326.74335       1.288e-13
5329.0817       1.330e-13
5331.42005       1.322e-13
5333.7584       1.312e-13
5336.09675       1.294e-13
5338.4351       1.276e-13
5340.77345       1.269e-13
5343.1118       1.261e-13
5345.45015       1.236e-13
5347.7885       1.211e-13
5350.12685       1.178e-13
5352.4652       1.145e-13
5354.80355       1.140e-13
5357.1419       1.136e-13
5359.48025       1.117e-13
5361.8186       1.097e-13
5364.15695       1.091e-13
5366.4953       1.086e-13
5368.83365       1.077e-13
5371.172       1.067e-13
5373.51035       1.042e-13
5375.8487       1.016e-13
5378.18705       1.020e-13
5380.5254       1.025e-13
5382.86375       1.019e-13
5385.2021       1.013e-13
5387.54045       9.741e-14
5389.8788       9.341e-14
5392.21715       8.837e-14
5394.5555       8.330e-14
5396.89385       8.528e-14
5399.2322       8.746e-14
5401.57055       8.267e-14
5403.9089       7.769e-14
5406.24725       7.397e-14
5408.5856       7.029e-14
5410.92395       7.185e-14
5413.2623       7.356e-14
5415.60065       7.145e-14
5417.939       6.922e-14
5420.27735       6.778e-14
5422.6157       6.636e-14
5424.95405       6.524e-14
5427.2924       6.413e-14
5429.63075       6.007e-14
5431.9691       5.593e-14
5434.30745       5.548e-14
5436.6458       5.514e-14
5438.98415       5.216e-14
5441.3225       4.910e-14
5443.66085       4.964e-14
5445.9992       5.028e-14
5448.33755       5.219e-14
5450.6759       5.415e-14
5453.01425       5.111e-14
5455.3526       4.791e-14
5457.69095       4.471e-14
5460.0293       4.150e-14
5462.36765       4.644e-14
5464.706       5.162e-14
5467.04435       4.843e-14
5469.3827       4.500e-14
5471.72105       4.391e-14
5474.0594       4.289e-14
5476.39775       4.304e-14
5478.7361       4.323e-14
5481.07445       4.037e-14
5483.4128       3.742e-14
5485.75115       3.663e-14
5488.0895       3.590e-14
5490.42785       3.491e-14
5492.7662       3.392e-14
5495.10455       3.519e-14
5497.4429       3.653e-14
5499.78125       3.457e-14
5502.1196       3.251e-14
5504.45795       3.593e-14
5506.7963       3.952e-14
5509.13465       4.116e-14
5511.473       4.275e-14
5513.81135       3.774e-14
5516.1497       3.254e-14
5518.48805       3.427e-14
5520.8264       3.622e-14
5523.16475       3.613e-14
5525.5031       3.598e-14
5527.84145       3.240e-14
5530.1798       2.872e-14
5532.51815       3.127e-14
5534.8565       3.401e-14
5537.19485       3.394e-14
5539.5332       3.380e-14
5541.87155       3.152e-14
5544.2099       2.917e-14
5546.54825       2.614e-14
5548.8866       2.309e-14
5551.22495       2.567e-14
5553.5633       2.842e-14
5555.90165       2.818e-14
5558.24       2.784e-14
5560.57835       2.751e-14
5562.9167       2.717e-14
5565.25505       2.684e-14
5567.5934       2.650e-14
5569.93175       2.617e-14
5572.2701       2.583e-14
5574.60845       2.550e-14
5576.9468       2.516e-14
5579.28515       2.483e-14
5581.6235       2.449e-14
5583.96185       2.416e-14
5586.3002       2.382e-14
5588.63855       2.349e-14
5590.9769       2.315e-14
5593.31525       2.282e-14
5595.6536       2.248e-14
5597.99195       2.360e-14
5600.3303       2.477e-14
5602.66865       2.478e-14
5605.007       2.476e-14
5607.34535       1.914e-14
5609.6837       1.334e-14
5612.02205       1.790e-14
5614.3604       2.278e-14
5616.69875       1.930e-14
5619.0371       1.556e-14
5621.37545       1.732e-14
5623.7138       1.925e-14
5626.05215       1.833e-14
5628.3905       1.731e-14
5630.72885       1.576e-14
5633.0672       1.420e-14
5635.40555       1.251e-14
5637.7439       1.083e-14
5640.08225       1.368e-14
5642.4206       1.669e-14
5644.75895       1.769e-14
5647.0973       1.864e-14
5649.43565       1.543e-14
5651.774       1.210e-14
5654.11235       1.072e-14
5656.4507       9.395e-15
5658.78905       1.206e-14
5661.1274       1.485e-14
5663.46575       1.262e-14
5665.8041       1.023e-14
5668.14245       7.313e-15
5670.4808       4.377e-15
5672.81915       6.797e-15
5675.1575       9.391e-15
5677.49585       8.465e-15
5679.8342       7.424e-15
5682.17255       9.043e-15
5684.5109       1.075e-14
5686.84925       1.045e-14
5689.1876       1.008e-14
5691.52595       9.204e-15
5693.8643       8.311e-15
5696.20265       9.689e-15
5698.541       1.114e-14
5700.87935       9.306e-15
5703.2177       7.364e-15
5705.55605       6.222e-15
5707.8944       5.106e-15
5710.23275       6.566e-15
5712.5711       8.110e-15
5714.90945       1.037e-14
5717.2478       1.266e-14
5719.58615       1.424e-14
5721.9245       1.579e-14
5724.26285       1.291e-14
5726.6012       9.882e-15
5728.93955       9.615e-15
5731.2779       9.440e-15
5733.61625       1.095e-14
5735.9546       1.253e-14
5738.29295       9.887e-15
5740.6313       7.108e-15
5742.96965       9.271e-15
5745.308       1.160e-14
5747.64635       1.313e-14
5749.9847       1.464e-14
5752.32305       1.152e-14
5754.6614       8.243e-15
5756.99975       9.190e-15
5759.3381       1.028e-14
5761.67645       1.393e-14
5764.0148       1.768e-14
5766.35315       1.740e-14
5768.6915       1.698e-14
5771.02985       1.347e-14
5773.3682       9.859e-15
5775.70655       1.044e-14
5778.0449       1.116e-14
5780.38325       1.189e-14
5782.7216       1.262e-14
5785.05995       1.271e-14
5787.3983       1.278e-14
5789.73665       1.208e-14
5792.075       1.135e-14
5794.41335       1.518e-14
5796.7517       1.917e-14
5799.09005       2.010e-14
5801.4284       2.093e-14
5803.76675       2.377e-14
5806.1051       2.668e-14
5808.44345       2.571e-14
5810.7818       2.460e-14
5813.12015       1.873e-14
5815.4585       1.269e-14
5817.79685       1.532e-14
5820.1352       1.824e-14
5822.47355       1.938e-14
5824.8119       2.046e-14
5827.15025       2.448e-14
5829.4886       2.860e-14
5831.82695       2.827e-14
5834.1653       2.779e-14
5836.50365       2.854e-14
5838.842       2.933e-14
5841.18035       2.853e-14
5843.5187       2.768e-14
5845.85705       2.716e-14
5848.1954       2.666e-14
5850.53375       2.642e-14
5852.8721       2.620e-14
5855.21045       2.788e-14
5857.5488       2.962e-14
5859.88715       3.168e-14
5862.2255       3.376e-14
5864.56385       3.194e-14
5866.9022       2.999e-14
5869.24055       3.488e-14
5871.5789       4.000e-14
5873.91725       4.242e-14
5876.2556       4.474e-14
5878.59395       4.317e-14
5880.9323       4.146e-14
5883.27065       4.022e-14
5885.609       3.899e-14
5887.94735       3.271e-14
5890.2857       2.625e-14
5892.62405       2.739e-14
5894.9624       2.879e-14
5897.30075       3.342e-14
5899.6391       3.816e-14
5901.97745       3.789e-14
5904.3158       3.744e-14
5906.65415       3.859e-14
5908.9925       3.979e-14
5911.33085       4.029e-14
5913.6692       4.076e-14
5916.00755       4.329e-14
5918.3459       4.590e-14
5920.68425       4.166e-14
5923.0226       3.719e-14
5925.36095       3.381e-14
5927.6993       3.047e-14
5930.03765       3.494e-14
5932.376       3.969e-14
5934.71435       4.232e-14
5937.0527       4.487e-14
5939.39105       4.093e-14
5941.7294       3.674e-14
5944.06775       3.371e-14
5946.4061       3.072e-14
5948.74445       3.466e-14
5951.0828       3.886e-14
5953.42115       3.686e-14
5955.7595       3.463e-14
5958.09785       3.645e-14
5960.4362       3.843e-14
5962.77455       3.898e-14
5965.1129       3.949e-14
5967.45125       3.698e-14
5969.7896       3.437e-14
5972.12795       3.431e-14
5974.4663       3.434e-14
5976.80465       3.397e-14
5979.143       3.359e-14
5981.48135       3.355e-14
5983.8197       3.352e-14
5986.15805       3.168e-14
5988.4964       2.978e-14
5990.83475       2.814e-14
5993.1731       2.652e-14
5995.51145       2.664e-14
5997.8498       2.682e-14
6000.18815       2.692e-14
6002.5265       2.702e-14
6004.86485       2.712e-14
6007.2032       2.722e-14
6009.54155       2.426e-14
6011.8799       2.119e-14
6014.21825       2.231e-14
6016.5566       2.358e-14
6018.89495       2.419e-14
6021.2333       2.478e-14
6023.57165       2.552e-14
6025.91       2.628e-14
6028.24835       2.532e-14
6030.5867       2.430e-14
6032.92505       2.427e-14
6035.2634       2.428e-14
6037.60175       2.387e-14
6039.9401       2.346e-14
6042.27845       2.061e-14
6044.6168       1.768e-14
6046.95515       1.654e-14
6049.2935       1.546e-14
6051.63185       1.729e-14
6053.9702       1.924e-14
6056.30855       1.996e-14
6058.6469       2.064e-14
6060.98525       1.850e-14
6063.3236       1.626e-14
6065.66195       1.743e-14
6068.0003       1.873e-14
6070.33865       1.840e-14
6072.677       1.801e-14
6075.01535       1.586e-14
6077.3537       1.365e-14
6079.69205       1.577e-14
6082.0304       1.804e-14
6084.36875       1.785e-14
6086.7071       1.757e-14
6089.04545       1.565e-14
6091.3838       1.367e-14
6093.72215       1.174e-14
6096.0605       9.826e-15
6098.39885       1.362e-14
6100.7372       1.762e-14
6103.07555       1.810e-14
6105.4139       1.844e-14
6107.75225       2.116e-14
6110.0906       2.398e-14
6112.42895       1.992e-14
6114.7673       1.559e-14
6117.10565       1.238e-14
6119.444       9.204e-15
6121.78235       1.103e-14
6124.1207       1.305e-14
6126.45905       1.304e-14
6128.7974       1.296e-14
6131.13575       1.733e-14
6133.4741       2.187e-14
6135.81245       2.017e-14
6138.1508       1.822e-14
6140.48915       1.768e-14
6142.8275       1.719e-14
6145.16585       1.757e-14
6147.5042       1.799e-14
6149.84255       1.859e-14
6152.1809       1.919e-14
6154.51925       2.019e-14
6156.8576       2.119e-14
6159.19595       2.049e-14
6161.5343       1.973e-14
6163.87265       1.997e-14
6166.211       2.025e-14
6168.54935       1.809e-14
6170.8877       1.584e-14
6173.22605       1.701e-14
6175.5644       1.831e-14
6177.90275       1.822e-14
6180.2411       1.808e-14
6182.57945       1.889e-14
6184.9178       1.975e-14
6187.25615       1.869e-14
6189.5945       1.756e-14
6191.93285       1.832e-14
6194.2712       1.914e-14
6196.60955       2.124e-14
6198.9479       2.339e-14
6201.28625       2.306e-14
6203.6246       2.264e-14
6205.96295       1.979e-14
6208.3013       1.684e-14
6210.63965       1.647e-14
6212.978       1.620e-14
6215.31635       1.690e-14
6217.6547       1.764e-14
6219.99305       1.660e-14
6222.3314       1.549e-14
6224.66975       1.642e-14
6227.0081       1.743e-14
6229.34645       1.770e-14
6231.6848       1.794e-14
6234.02315       2.033e-14
6236.3615       2.279e-14
6238.69985       2.166e-14
6241.0382       2.038e-14
6243.37655       1.800e-14
6245.7149       1.556e-14
6248.05325       1.715e-14
6250.3916       1.891e-14
6252.72995       1.953e-14
6255.0683       2.011e-14
6257.40665       1.907e-14
6259.745       1.796e-14
6262.08335       1.449e-14
6264.4217       1.092e-14
6266.76005       1.131e-14
6269.0984       1.185e-14
6271.43675       1.562e-14
6273.7751       1.952e-14
6276.11345       1.793e-14
6278.4518       1.611e-14
6280.79015       1.712e-14
6283.1285       1.826e-14
6285.46685       1.473e-14
6287.8052       1.102e-14
6290.14355       1.100e-14
6292.4819       1.112e-14
6294.82025       1.106e-14
6297.1586       1.100e-14
6299.49695       1.228e-14
6301.8353       1.361e-14
6304.17365       1.702e-14
6306.512       2.052e-14
6308.85035       1.558e-14
6311.1887       1.029e-14
6313.52705       7.714e-15
6315.8654       5.250e-15
6318.20375       4.034e-15
6320.5421       2.870e-15
6322.88045       5.649e-15
6325.2188       8.591e-15
6327.55715       9.681e-15
6329.8955       1.069e-14
6332.23385       1.215e-14
6334.5722       1.362e-14
6336.91055       1.385e-14
6339.2489       1.403e-14
6341.58725       1.155e-14
6343.9256       8.948e-15
6346.26395       9.844e-15
6348.6023       1.089e-14
6350.94065       1.234e-14
6353.279       1.382e-14
6355.61735       1.326e-14
6357.9557       1.262e-14
6360.29405       1.075e-14
6362.6324       8.833e-15
6364.97075       7.194e-15
6367.3091       5.567e-15
6369.64745       7.249e-15
6371.9858       9.071e-15
6374.32415       1.104e-14
6376.6625       1.302e-14
6379.00085       1.287e-14
6381.3392       1.263e-14
6383.67755       9.827e-15
6386.0159       6.913e-15
6388.35425       6.213e-15
6390.6926       5.606e-15
6393.03095       1.002e-14
6395.3693       1.464e-14
6397.70765       1.356e-14
6400.046       1.223e-14
6402.38435       1.120e-14
6404.7227       1.018e-14
6407.06105       1.222e-14
6409.3994       1.440e-14
6411.73775       1.154e-14
6414.0761       8.468e-15
6416.41445       1.040e-14
6418.7528       1.254e-14
6421.09115       1.210e-14
6423.4295       1.155e-14
6425.76785       9.469e-15
6428.1062       7.325e-15
6430.44455       7.516e-15
6432.7829       7.807e-15
6435.12125       8.247e-15
6437.4596       8.693e-15
6439.79795       1.039e-14
6442.1363       1.215e-14
6444.47465       1.370e-14
6446.813       1.525e-14
6449.15135       1.354e-14
6451.4897       1.169e-14
6453.82805       1.441e-14
6456.1664       1.733e-14
6458.50475       1.680e-14
6460.8431       1.613e-14
6463.18145       1.637e-14
6465.5198       1.666e-14
6467.85815       1.765e-14
6470.1965       1.867e-14
6472.53485       2.074e-14
6474.8732       2.285e-14
6477.21155       2.171e-14
6479.5499       2.043e-14
6481.88825       1.994e-14
6484.2266       1.947e-14
6486.56495       2.039e-14
6488.9033       2.136e-14
6491.24165       2.007e-14
6493.58       1.867e-14
6495.91835       1.895e-14
6498.2567       1.929e-14
6500.59505       1.915e-14
6502.9334       1.898e-14
6505.27175       2.019e-14
6507.6101       2.145e-14
6509.94845       2.176e-14
6512.2868       2.202e-14
6514.62515       2.025e-14
6516.9635       1.839e-14
6519.30185       1.998e-14
6521.6402       2.173e-14
6523.97855       2.331e-14
6526.3169       2.488e-14
6528.65525       2.249e-14
6530.9936       1.993e-14
6533.33195       2.088e-14
6535.6703       2.198e-14
6538.00865       2.213e-14
6540.347       2.223e-14
6542.68535       1.966e-14
6545.0237       1.698e-14
6547.36205       1.770e-14
6549.7004       1.857e-14
6552.03875       2.045e-14
6554.3771       2.236e-14
6556.71545       2.343e-14
6559.0538       2.445e-14
6561.39215       2.445e-14
6563.7305       2.441e-14
6566.06885       2.538e-14
6568.4072       2.639e-14
6570.74555       2.532e-14
6573.0839       2.416e-14
6575.42225       2.143e-14
6577.7606       1.863e-14
6580.09895       2.131e-14
6582.4373       2.422e-14
6584.77565       2.353e-14
6587.114       2.267e-14
6589.45235       2.072e-14
6591.7907       1.873e-14
6594.12905       2.056e-14
6596.4674       2.256e-14
6598.80575       2.413e-14
6601.1441       2.568e-14
6603.48245       2.393e-14
6605.8208       2.203e-14
6608.15915       2.179e-14
6610.4975       2.162e-14
6612.83585       2.163e-14
6615.1742       2.166e-14
6617.51255       2.091e-14
6619.8509       2.013e-14
6622.18925       1.956e-14
6624.5276       1.899e-14
6626.86595       1.809e-14
6629.2043       1.718e-14
6631.54265       1.782e-14
6633.881       1.853e-14
6636.21935       1.706e-14
6638.5577       1.549e-14
6640.89605       1.562e-14
6643.2344       1.583e-14
6645.57275       1.631e-14
6647.9111       1.680e-14
6650.24945       1.800e-14
6652.5878       1.922e-14
6654.92615       1.922e-14
6657.2645       1.916e-14
6659.60285       1.612e-14
6661.9412       1.295e-14
6664.27955       1.224e-14
6666.6179       1.164e-14
6668.95625       1.391e-14
6671.2946       1.632e-14
6673.63295       1.741e-14
6675.9713       1.845e-14
6678.30965       1.533e-14
6680.648       1.202e-14
6682.98635       1.216e-14
6685.3247       1.245e-14
6687.66305       1.217e-14
6690.0014       1.186e-14
6692.33975       1.201e-14
6694.6781       1.219e-14
6697.01645       1.398e-14
6699.3548       1.584e-14
6701.69315       1.594e-14
6704.0315       1.595e-14
6706.36985       1.430e-14
6708.7082       1.257e-14
6711.04655       1.252e-14
6713.3849       1.256e-14
6715.72325       1.431e-14
6718.0616       1.614e-14
6720.39995       1.630e-14
6722.7383       1.639e-14
6725.07665       1.658e-14
6727.415       1.678e-14
6729.75335       1.510e-14
6732.0917       1.334e-14
6734.43005       1.073e-14
6736.7684       8.085e-15
6739.10675       1.028e-14
6741.4451       1.271e-14
6743.78345       1.412e-14
6746.1218       1.548e-14
6748.46015       1.360e-14
6750.7985       1.158e-14
6753.13685       1.133e-14
6755.4752       1.117e-14
6757.81355       1.145e-14
6760.1519       1.176e-14
6762.49025       1.127e-14
6764.8286       1.074e-14
6767.16695       1.196e-14
6769.5053       1.327e-14
6771.84365       1.356e-14
6774.182       1.381e-14
6776.52035       1.208e-14
6778.8587       1.025e-14
6781.19705       9.055e-15
6783.5354       7.889e-15
6785.87375       8.636e-15
6788.2121       9.475e-15
6790.55045       7.217e-15
6792.8888       4.810e-15
6795.22715       3.544e-15
6797.5655       2.333e-15
6799.90385       3.654e-15
6802.2422       5.097e-15
6804.58055       6.653e-15
6806.9189       8.215e-15
6809.25725       9.159e-15
6811.5956       1.007e-14
6813.93395       1.069e-14
6816.2723       1.128e-14
6818.61065       9.755e-15
6820.949       8.126e-15
6823.28735       8.578e-15
6825.6257       9.130e-15
6827.96405       9.918e-15
6830.3024       1.072e-14
6832.64075       7.921e-15
6834.9791       4.952e-15
6837.31745       4.097e-15
6839.6558       3.344e-15
6841.99415       8.171e-15
6844.3325       1.327e-14
6846.67085       1.219e-14
6849.0092       1.081e-14
6851.34755       1.088e-14
6853.6859       1.101e-14
6856.02425       1.159e-14
6858.3626       1.219e-14
6860.70095       9.830e-15
6863.0393       7.330e-15
6865.37765       8.867e-15
6867.716       1.060e-14
6870.05435       1.442e-14
6872.3927       1.833e-14
6874.73105       1.584e-14
6877.0694       1.303e-14
6879.40775       1.280e-14
6881.7461       1.270e-14
6884.08445       1.420e-14
6886.4228       1.578e-14
6888.76115       1.563e-14
6891.0995       1.540e-14
6893.43785       1.473e-14
6895.7762       1.404e-14
6898.11455       1.353e-14
6900.4529       1.302e-14
6902.79125       1.310e-14
6905.1296       1.321e-14
6907.46795       1.296e-14
6909.8063       1.270e-14
6912.14465       1.184e-14
6914.483       1.095e-14
6916.82135       1.212e-14
6919.1597       1.339e-14
6921.49805       1.371e-14
6923.8364       1.397e-14
6926.17475       1.393e-14
6928.5131       1.387e-14
6930.85145       1.282e-14
6933.1898       1.172e-14
6935.52815       1.205e-14
6937.8665       1.245e-14
6940.20485       1.417e-14
6942.5432       1.596e-14
6944.88155       1.560e-14
6947.2199       1.512e-14
6949.55825       1.654e-14
6951.8966       1.804e-14
6954.23495       1.659e-14
6956.5733       1.499e-14
6958.91165       1.469e-14
6961.25       1.447e-14
6963.58835       1.795e-14
6965.9267       2.162e-14
6968.26505       2.260e-14
6970.6034       2.345e-14
6972.94175       2.180e-14
6975.2801       2.003e-14
6977.61845       2.110e-14
6979.9568       2.231e-14
6982.29515       2.144e-14
6984.6335       2.046e-14
6986.97185       2.028e-14
6989.3102       2.014e-14
6991.64855       1.841e-14
6993.9869       1.659e-14
6996.32525       1.575e-14
6998.6636       1.496e-14
7001.00195       1.618e-14
7003.3403       1.751e-14
7005.67865       1.445e-14
7008.017       1.117e-14
7010.35535       1.590e-14
7012.6937       2.103e-14
7015.03205       1.759e-14
7017.3704       1.372e-14
7019.70875       1.807e-14
7022.0471       2.285e-14
7024.38545       2.409e-14
7026.7238       2.515e-14
7029.06215       2.110e-14
7031.4005       1.680e-14
7033.73885       1.565e-14
7036.0772       1.468e-14
7038.41555       1.573e-14
7040.7539       1.688e-14
7043.09225       2.086e-14
7045.4306       2.499e-14
7047.76895       2.275e-14
7050.1073       2.019e-14
7052.44565       1.902e-14
7054.784       1.794e-14
7057.12235       1.754e-14
7059.4607       1.719e-14
7061.79905       1.708e-14
7064.1374       1.699e-14
7066.47575       2.025e-14
7068.8141       2.367e-14
7071.15245       2.430e-14
7073.4908       2.477e-14
7075.82915       2.734e-14
7078.1675       3.002e-14
7080.50585       3.114e-14
7082.8442       3.219e-14
7085.18255       3.045e-14
7087.5209       2.857e-14
7089.85925       2.661e-14
7092.1976       2.464e-14
7094.53595       2.628e-14
7096.8743       2.809e-14
7099.21265       3.071e-14
7101.551       3.337e-14
7103.88935       3.336e-14
7106.2277       3.320e-14
7108.56605       3.215e-14
7110.9044       3.106e-14
7113.24275       3.361e-14
7115.5811       3.635e-14
7117.91945       3.805e-14
7120.2578       3.969e-14
7122.59615       3.870e-14
7124.9345       3.758e-14
7127.27285       3.653e-14
7129.6112       3.549e-14
7131.94955       3.851e-14
7134.2879       4.174e-14
7136.62625       4.092e-14
7138.9646       3.990e-14
7141.30295       3.957e-14
7143.6413       3.927e-14
7145.97965       3.985e-14
7148.318       4.048e-14
7150.65635       3.928e-14
7152.9947       3.799e-14
7155.33305       3.928e-14
7157.6714       4.071e-14
7160.00975       4.253e-14
7162.3481       4.438e-14
7164.68645       4.335e-14
7167.0248       4.216e-14
7169.36315       4.030e-14
7171.7015       3.841e-14
7174.03985       3.815e-14
7176.3782       3.798e-14
7178.71655       3.675e-14
7181.0549       3.548e-14
7183.39325       3.649e-14
7185.7316       3.763e-14
7188.06995       3.844e-14
7190.4083       3.923e-14
7192.74665       3.718e-14
7195.085       3.496e-14
7197.42335       3.502e-14
7199.7617       3.520e-14
7202.10005       3.739e-14
7204.4384       3.970e-14
7206.77675       4.000e-14
7209.1151       4.019e-14
7211.45345       3.570e-14
7213.7918       3.095e-14
7216.13015       3.294e-14
7218.4685       3.531e-14
7220.80685       3.488e-14
7223.1452       3.430e-14
7225.48355       3.099e-14
7227.8219       2.755e-14
7230.16025       2.635e-14
7232.4986       2.527e-14
7234.83695       2.655e-14
7237.1753       2.796e-14
7239.51365       3.041e-14
7241.852       3.293e-14
7244.19035       3.294e-14
7246.5287       3.281e-14
7248.86705       3.032e-14
7251.2054       2.771e-14
7253.54375       3.000e-14
7255.8821       3.256e-14
7258.22045       3.376e-14
7260.5588       3.489e-14
7262.89715       3.066e-14
7265.2355       2.614e-14
7267.57385       2.689e-14
7269.9122       2.793e-14
7272.25055       2.776e-14
7274.5889       2.753e-14
7276.92725       2.881e-14
7279.2656       3.018e-14
7281.60395       3.120e-14
7283.9423       3.221e-14
7286.28065       3.159e-14
7288.619       3.087e-14
7290.95735       2.765e-14
7293.2957       2.430e-14
7295.63405       2.209e-14
7297.9724       1.994e-14
7300.31075       2.301e-14
7302.6491       2.637e-14
7304.98745       2.686e-14
7307.3258       2.719e-14
7309.66415       2.742e-14
7312.0025       2.764e-14
7314.34085       2.871e-14
7316.6792       2.984e-14
7319.01755       2.898e-14
7321.3559       2.800e-14
7323.69425       2.971e-14
7326.0326       3.156e-14
7328.37095       3.084e-14
7330.7093       2.998e-14
7333.04765       2.865e-14
7335.386       2.729e-14
7337.72435       2.725e-14
7340.0627       2.728e-14
7342.40105       2.730e-14
7344.7394       2.731e-14
7347.07775       2.471e-14
7349.4161       2.196e-14
7351.75445       2.351e-14
7354.0928       2.529e-14
7356.43115       2.630e-14
7358.7695       2.727e-14
7361.10785       2.562e-14
7363.4462       2.383e-14
7365.78455       2.616e-14
7368.1229       2.872e-14
7370.46125       2.929e-14
7372.7996       2.975e-14
7375.13795       3.116e-14
7377.4763       3.262e-14
7379.81465       3.012e-14
7382.153       2.740e-14
7384.49135       2.569e-14
7386.8297       2.404e-14
7389.16805       2.765e-14
7391.5064       3.156e-14
7393.84475       3.220e-14
7396.1831       3.265e-14
7398.52145       3.275e-14
7400.8598       3.283e-14
7403.19815       2.714e-14
7405.5365       2.112e-14
7407.87485       2.395e-14
7410.2132       2.728e-14
7412.55155       2.770e-14
7414.8899       2.795e-14
7417.22825       2.720e-14
7419.5666       2.639e-14
7421.90495       2.671e-14
7424.2433       2.710e-14
7426.58165       2.779e-14
7428.92       2.851e-14
7431.25835       2.625e-14
7433.5967       2.382e-14
7435.93505       2.378e-14
7438.2734       2.388e-14
7440.61175       2.502e-14
7442.9501       2.621e-14
7445.28845       2.757e-14
7447.6268       2.893e-14
7449.96515       2.849e-14
7452.3035       2.794e-14
7454.64185       2.742e-14
7456.9802       2.690e-14
7459.31855       2.922e-14
7461.6569       3.170e-14
7463.99525       2.829e-14
7466.3336       2.454e-14
7468.67195       2.180e-14
7471.0103       1.912e-14
7473.34865       2.138e-14
7475.687       2.392e-14
7478.02535       2.306e-14
7480.3637       2.200e-14
7482.70205       1.881e-14
7485.0404       1.549e-14
7487.37875       1.635e-14
7489.7171       1.744e-14
7492.05545       1.825e-14
7494.3938       1.903e-14
7496.73215       1.724e-14
7499.0705       1.529e-14
7501.40885       1.654e-14
7503.7472       1.798e-14
7506.08555       1.788e-14
7508.4239       1.770e-14
7510.76225       1.525e-14
7513.1006       1.267e-14
7515.43895       1.454e-14
7517.7773       1.666e-14
7520.11565       1.797e-14
7522.454       1.922e-14
7524.79235       1.630e-14
7527.1307       1.314e-14
7529.46905       1.462e-14
7531.8074       1.637e-14
7534.14575       1.712e-14
7536.4841       1.781e-14
7538.82245       1.619e-14
7541.1608       1.444e-14
7543.49915       1.463e-14
7545.8375       1.492e-14
7548.17585       1.535e-14
7550.5142       1.579e-14
7552.85255       1.445e-14
7555.1909       1.301e-14
7557.52925       1.201e-14
7559.8676       1.104e-14
7562.20595       1.050e-14
7564.5443       9.979e-15
7566.88265       1.104e-14
7569.221       1.220e-14
7571.55935       1.010e-14
7573.8977       7.805e-15
7576.23605       7.596e-15
7578.5744       7.511e-15
7580.91275       9.725e-15
7583.2511       1.208e-14
7585.58945       8.683e-15
7587.9278       4.949e-15
7590.26615       2.820e-15
7592.6045       7.867e-16
7594.94285       3.181e-15
7597.2812       5.838e-15
7599.61955       2.398e-15
7601.9579      -1.404e-15
7604.29625       1.650e-16
7606.6346       2.053e-15
7608.97295       5.109e-15
7611.3113       8.235e-15
7613.64965       7.596e-15
7615.988       6.733e-15
7618.32635       5.370e-15
7620.6647       3.976e-15
7623.00305       4.091e-15
7625.3414       4.296e-15
7627.67975       3.861e-15
7630.0181       3.389e-15
7632.35645       4.109e-15
7634.6948       4.900e-15
7637.03315       4.471e-15
7639.3715       3.968e-15
7641.70985       3.907e-15
7644.0482       3.872e-15
7646.38655       3.675e-15
7648.7249       3.469e-15
7651.06325       2.679e-15
7653.4016       1.854e-15
7655.73995       5.362e-15
7658.0783       9.130e-15
7660.41665       1.097e-14
7662.755       1.270e-14
7665.09335       1.052e-14
7667.4317       8.103e-15
7669.77005       7.956e-15
7672.1084       7.947e-15
7674.44675       9.372e-15
7676.7851       1.088e-14
7679.12345       9.708e-15
7681.4618       8.369e-15
7683.80015       6.982e-15
7686.1385       5.592e-15
7688.47685       9.383e-15
7690.8152       1.349e-14
7693.15355       1.394e-14
7695.4919       1.418e-14
7697.83025       1.311e-14
7700.1686       1.197e-14
7702.50695       1.039e-14
7704.8453       8.785e-15
7707.18365       7.468e-15
7709.522       6.169e-15
7711.86035       7.547e-15
7714.1987       9.087e-15
7716.53705       5.709e-15
7718.8754       2.032e-15
7721.21375       3.485e-15
7723.5521       5.251e-15
7725.89045       5.531e-15
7728.2288       5.719e-15
7730.56715       7.232e-15
7732.9055       8.827e-15
7735.24385       9.075e-15
7737.5822       9.240e-15
7739.92055       5.864e-15
7742.2589       2.270e-15
7744.59725       5.633e-15
7746.9356       9.422e-15
7749.27395       1.279e-14
7751.6123       1.613e-14
7753.95065       1.131e-14
7756.289       5.988e-15
7758.62735       5.942e-15
7760.9657       6.221e-15
7763.30405       8.113e-15
7765.6424       1.010e-14
7767.98075       7.833e-15
7770.3191       5.299e-15
7772.65745       7.765e-15
7774.9958       1.054e-14
7777.33415       1.176e-14
7779.6725       1.287e-14
7782.01085       5.896e-15
7784.3492      -1.584e-15
7786.68755      -2.612e-15
7789.0259      -3.239e-15
7791.36425       1.306e-15
7793.7026       6.172e-15
7796.04095       8.022e-15
7798.3793       9.684e-15
7800.71765       8.892e-15
7803.056       7.947e-15
7805.39435       5.534e-15
7807.7327       3.030e-15
7810.07105       8.487e-15
7812.4094       1.444e-14
7814.74775       1.687e-14
7817.0861       1.908e-14
7819.42445       1.463e-14
7821.7628       9.768e-15
7824.10115       8.389e-15
7826.4395       7.227e-15
7828.77785       5.549e-15
7831.1162       3.838e-15
7833.45455       3.932e-15
7835.7929       4.140e-15
7838.13125       3.870e-15
7840.4696       3.570e-15
7842.80795       9.014e-15
7845.1463       1.482e-14
7847.48465       8.967e-15
7849.823       2.381e-15
7852.16135      -1.001e-15
7854.4997      -4.182e-15
7856.83805       1.575e-15
7859.1764       7.896e-15
7861.51475       4.020e-15
7863.8531      -4.976e-16
7866.19145       5.171e-16
7868.5298       1.882e-15
7870.86815      -1.340e-16
7873.2065      -2.364e-15
7875.54485       3.206e-15
7877.8832       9.271e-15
7880.22155       7.025e-15
7882.5599       4.253e-15
7884.89825       8.659e-15
7887.2366       1.352e-14
7889.57495       1.112e-14
7891.9133       8.259e-15
7894.25165       4.924e-15
7896.59       1.558e-15
7898.92835       6.578e-16
7901.2667      -8.519e-17
7903.60505       2.831e-15
7905.9434       5.979e-15
7908.28175       7.858e-15
7910.6201       9.656e-15
7912.95845       1.138e-14
7915.2968       1.309e-14
7917.63515       1.373e-14
7919.9735       1.429e-14
7922.31185       1.265e-14
7924.6502       1.087e-14
7926.98855       1.059e-14
7929.3269       1.040e-14
7931.66525       8.399e-15
7934.0036       6.286e-15
7936.34195       6.507e-15
7938.6803       6.878e-15
7941.01865       1.802e-15
7943.357      -3.624e-15
7945.69535      -2.506e-16
7948.0337       3.688e-15
7950.37205       6.930e-15
7952.7104       1.013e-14
7955.04875       8.701e-15
7957.3871       6.977e-15
7959.72545       3.207e-15
7962.0638      -6.957e-16
7964.40215      -1.274e-15
7966.7405      -1.638e-15
7969.07885       5.348e-15
7971.4172       1.281e-14
7973.75555       1.405e-14
7976.0939       1.489e-14
7978.43225       1.113e-14
7980.7706       7.064e-15
7983.10895       1.232e-14
7985.4473       1.818e-14
7987.78565       1.340e-14
7990.124       7.937e-15
7992.46235       6.330e-15
7994.8007       4.974e-15
7997.13905       2.263e-15
7999.4774      -5.361e-16
8001.81575       3.325e-15
8004.1541       7.620e-15
8006.49245       7.194e-15
8008.8308       6.459e-15
8011.16915       3.026e-15
8013.5075      -5.833e-16
8015.84585       4.981e-15
8018.1842       1.115e-14
8020.52255       1.415e-14
8022.8609       1.696e-14
8025.19925       1.194e-14
8027.5376       6.415e-15
8029.87595       6.751e-15
8032.2143       7.472e-15
8034.55265       5.635e-15
8036.891       3.628e-15
8039.22935       2.770e-15
8041.5677       1.987e-15
8043.90605       3.202e-15
8046.2444       4.548e-15
8048.58275       3.467e-15
8050.9211       2.226e-15
8053.25945       5.976e-15
8055.5978       1.005e-14
8057.93615       1.015e-14
8060.2745       9.974e-15
8062.61285       1.246e-14
8064.9512       1.513e-14
8067.28955       1.639e-14
8069.6279       1.755e-14
8071.96625       1.291e-14
8074.3046       7.891e-15
8076.64295       6.082e-15
8078.9813       4.486e-15
8081.31965       5.464e-15
8083.658       6.612e-15
8085.99635       4.497e-15
8088.3347       2.165e-15
8090.67305       8.092e-16
8093.0114      -4.818e-16
8095.34975       1.133e-15
8097.6881       2.941e-15
8100.02645       5.944e-15
8102.3648       9.028e-15
8104.70315       1.020e-14
8107.0415       1.124e-14
8109.37985       7.929e-15
8111.7182       4.331e-15
8114.05655       2.557e-15
8116.3949       9.051e-16
8118.73325       4.015e-15
8121.0716       7.445e-15
8123.40995       6.893e-15
8125.7483       6.075e-15
8128.08665       4.645e-15
8130.425       3.174e-15
8132.76335       3.129e-15
8135.1017       3.179e-15
8137.44005       6.381e-15
8139.7784       9.794e-15
8142.11675       9.567e-15
8144.4551       9.094e-15
8146.79345       9.623e-15
8149.1318       1.022e-14
8151.47015       9.157e-15
8153.8085       7.984e-15
8156.14685       6.764e-15
8158.4852       5.542e-15
8160.82355       4.650e-15
8163.1619       3.780e-15
8165.50025       4.884e-15
8167.8386       6.120e-15
8170.17695       3.614e-15
8172.5153       8.547e-16
8174.85365       2.508e-15
8177.192       4.461e-15
8179.53035       7.331e-15
8181.8687       1.026e-14
8184.20705       9.433e-15
8186.5454       8.348e-15
8188.88375       5.270e-15
8191.2221       2.057e-15
8193.56045       1.209e-15
8195.8988       5.213e-16
8198.23715       5.234e-15
8200.5755       1.032e-14
8202.91385       1.138e-14
8205.2522       1.218e-14
8207.59055       9.933e-15
8209.9289       7.482e-15
8212.26725       7.876e-15
8214.6056       8.464e-15
8216.94395       2.619e-15
8219.2823      -3.665e-15
8221.62065      -5.830e-16
8223.959       3.139e-15
8226.29735       1.071e-15
8228.6357      -1.393e-15
8230.97405       2.331e-15
8233.3124       6.478e-15
8235.65075       3.329e-15
8237.9891      -3.182e-16
8240.32745      -1.198e-15
8242.6658      -1.888e-15
8245.00415       4.617e-16
8247.3425       3.021e-15
8249.68085       4.700e-15
8252.0192       6.318e-15
8254.35755       6.422e-15
8256.6959       6.422e-15
8259.03425       1.908e-15
8261.3726      -2.918e-15
8263.71095      -1.347e-15
8266.0493       6.664e-16
8268.38765       4.600e-15
8270.726       8.666e-15
8273.06435       5.592e-15
8275.4027       2.025e-15
8277.74105       2.217e-15
8280.0794       2.669e-15
8282.41775       2.002e-15
8284.7561       1.259e-15
8287.09445       7.718e-16
8289.4328       3.029e-16
8291.77115       1.789e-15
8294.1095       3.411e-15
8296.44785       2.479e-15
8298.7862       1.370e-15
8301.12455       2.407e-15
8303.4629       3.594e-15
8305.80125       9.828e-15
8308.1396       1.641e-14
8310.47795       1.341e-14
8312.8163       9.730e-15
8315.15465       9.016e-15
8317.493       8.508e-15
8319.83135       5.258e-15
8322.1697       1.815e-15
8324.50805       1.398e-15
8326.8464       1.192e-15
8329.18475       1.943e-15
8331.5231       2.762e-15
8333.86145       5.700e-15
8336.1998       8.787e-15
8338.53815       5.140e-15
8340.8765       1.023e-15
8343.21485       3.418e-15
8345.5532       6.269e-15
8347.89155       1.160e-14
8350.2299       1.710e-14
8352.56825       9.890e-15
8354.9066       1.778e-15
8357.24495      -1.473e-15
8359.5833      -4.382e-15
8361.92165      -2.619e-15
8364.26      -5.259e-16
8366.59835       6.912e-16
8368.9367       1.846e-15
8371.27505       6.591e-15
8373.6134       1.159e-14
8375.95175       7.435e-15
8378.2901       2.635e-15
8380.62845       2.057e-15
8382.9668       1.778e-15
8385.30515       3.375e-16
8387.6435      -1.185e-15
8389.98185       6.461e-16
8392.3202       2.714e-15
8394.65855       1.070e-14
8396.9969       1.910e-14
8399.33525       1.248e-14
8401.6736       4.789e-15
8404.01195       6.286e-16
8406.3503      -3.282e-15
8408.68865       1.935e-16
8411.027       4.196e-15
8413.36535       1.448e-15
8415.7037      -1.781e-15
8418.04205       2.569e-15
8420.3804       7.459e-15
8422.71875       4.634e-15
8425.0571       1.259e-15
8427.39545      -6.173e-15
8429.7338      -1.389e-14
8432.07215      -6.269e-15
8434.4105       2.453e-15
8436.74885       2.575e-15
8439.0872       2.082e-15
8441.42555      -4.978e-16
8443.7639      -3.227e-15
8446.10225       3.332e-15
8448.4406       1.056e-14
8450.77895       7.918e-15
8453.1173       4.575e-15
8455.45565       5.642e-15
8457.794       7.024e-15
8460.13235       7.483e-15
8462.4707       7.877e-15
8464.80905       1.089e-14
8467.1474       1.409e-14
8469.48575       1.165e-14
8471.8241       8.803e-15
8474.16245       4.525e-15
8476.5008       1.435e-16
8478.83915       4.342e-15
8481.1775       9.160e-15
8483.51585       9.321e-15
8485.8542       9.146e-15
8488.19255       5.549e-15
8490.5309       1.704e-15
8492.86925       2.117e-15
8495.2076       2.838e-15
8497.54595       1.360e-15
8499.8843      -2.774e-16
8502.22265       1.469e-15
8504.561       3.461e-15
8506.89935       5.511e-15
8509.2377       7.566e-15
8511.57605       7.613e-15
8513.9144       7.516e-15
8516.25275       2.206e-15
8518.5911      -3.481e-15
8520.92945      -4.184e-16
8523.2678       3.282e-15
8525.60615       7.673e-15
8527.9445       1.211e-14
8530.28285       8.225e-15
8532.6212       3.727e-15
8534.95955       2.573e-15
8537.2979       1.663e-15
8539.63625       4.613e-15
8541.9746       7.845e-15
8544.31295       1.028e-14
8546.6513       1.266e-14
8548.98965       1.257e-14
8551.328       1.230e-14
8553.66635       9.101e-15
8556.0047       5.682e-15
8558.34305       1.164e-14
8560.6814       1.829e-14
8563.01975       1.531e-14
8565.3581       1.162e-14
8567.69645       9.437e-15
8570.0348       7.359e-15
8572.37315       7.218e-15
8574.7115       7.219e-15
8577.04985       4.413e-15
8579.3882       1.399e-15
8581.72655       5.401e-15
8584.0649       9.921e-15
8586.40325       1.335e-14
8588.7416       1.669e-14
8591.07995       1.393e-14
8593.4183       1.072e-14
8595.75665       1.394e-14
8598.095       1.762e-14
8600.43335       1.912e-14
8602.7717       2.046e-14
8605.11005       2.053e-14
8607.4484       2.051e-14
8609.78675       1.549e-14
8612.1251       1.011e-14
8614.46345       8.762e-15
8616.8018       7.715e-15
8619.14015       9.821e-15
8621.4785       1.216e-14
8623.81685       7.042e-15
8626.1552       1.371e-15
8628.49355       4.513e-15
8630.8319       8.312e-15
8633.17025       1.175e-14
8635.5086       1.517e-14
8637.84695       1.880e-14
8640.1853       2.245e-14
8642.52365       2.292e-14
8644.862       2.315e-14
8647.20035       1.414e-14
8649.5387       4.433e-15
8651.87705       9.554e-15
8654.2154       1.578e-14
8656.55375       1.532e-14
8658.8921       1.435e-14
8661.23045       1.640e-14
8663.5688       1.869e-14
8665.90715       1.930e-14
8668.2455       1.979e-14
8670.58385       2.108e-14
8672.9222       2.243e-14
8675.26055       2.833e-14
8677.5989       3.457e-14
8679.93725       2.936e-14
8682.2756       2.329e-14
8684.61395       1.881e-14
8686.9523       1.445e-14
8689.29065       1.272e-14
8691.629       1.119e-14
8693.96735       6.530e-15
8696.3057       1.628e-15
8698.64405       5.132e-15
8700.9824       9.270e-15
8703.32075       1.598e-14
8705.6591       2.288e-14
8707.99745       2.133e-14
8710.3358       1.914e-14
8712.67415       1.535e-14
8715.0125       1.145e-14
8717.35085       1.360e-14
8719.6892       1.622e-14
8722.02755       1.336e-14
8724.3659       1.009e-14
8726.70425       1.225e-14
8729.0426       1.481e-14
8731.38095       1.582e-14
8733.7193       1.671e-14
8736.05765       1.350e-14
8738.396       9.967e-15
8740.73435       8.360e-15
8743.0727       6.900e-15
8745.41105       6.188e-15
8747.7494       5.534e-15
8750.08775       9.629e-15
8752.4261       1.409e-14
8754.76445       1.698e-14
8757.1028       1.975e-14
8759.44115       2.155e-14
8761.7795       2.328e-14
8764.11785       1.558e-14
8766.4562       7.166e-15
8768.79455       8.130e-15
8771.1329       9.811e-15
8773.47125       1.158e-14
8775.8096       1.335e-14
8778.14795       1.770e-14
8780.4863       2.225e-14
8782.82465       2.224e-14
8785.163       2.188e-14
8787.50135       1.408e-14
8789.8397       5.711e-15
8792.17805       1.205e-15
8794.5164      -3.006e-15
8796.85475       2.887e-15
8799.1931       9.559e-15
8801.53145       7.591e-15
8803.8698       4.957e-15
8806.20815       1.056e-14
8808.5465       1.680e-14
8810.88485       1.502e-14
8813.2232       1.262e-14
8815.56155       6.698e-15
8817.8999       5.050e-16
8820.23825      -4.803e-15
8822.5766      -1.004e-14
